1.000000000000000048e-04 1.266443835642415121e-98
1.119517533835742479e-04 1.590181840570473695e-98
1.253319508565661560e-04 1.996402963797034730e-98
1.403113165337654315e-04 2.506113899889360074e-98
1.570809790551273150e-04 3.145500512112816902e-98
1.758549102842998967e-04 3.947491515960296202e-98
1.968726554743851728e-04 4.953305642169757947e-98
2.204023897363772532e-04 6.214637575328363421e-98
2.467443398091732258e-04 7.796283034243697037e-98
2.762346147910940491e-04 9.779436845942325232e-98
3.092494947109916204e-04 1.226590303254779928e-97
3.462102316587988135e-04 1.538324117418990997e-97
3.875884247353595844e-04 1.929131663274164483e-97
4.339120374030096196e-04 2.419053608613360368e-97
4.857721340150598292e-04 3.033198304304033112e-97
5.438304214786655833e-04 3.803039510126081702e-97
6.088276922786474291e-04 4.768010961234924662e-97
6.815932765906978054e-04 5.977537078004961088e-97
7.630556240878410895e-04 7.493542738455056440e-97
8.542541504583124048e-04 9.393632787278804971e-97
9.563524997900373125e-04 1.177503808546777106e-96
1.070653392042589984e-03 1.475959546745717990e-96
1.198615245052391453e-03 1.849994717144020411e-96
1.341870783158976253e-03 2.318734265481619039e-96
1.502247869888375048e-03 2.906136976875623974e-96
1.681792830507429200e-03 3.642217758220756819e-96
1.882796562032308229e-03 4.564573933665731854e-96
2.107823763840826516e-03 5.720299889495654850e-96
2.359745661855452287e-03 7.168379180928755970e-96
2.641776643840005375e-03 8.982682049575165979e-96
2.957515273256627365e-03 1.125571169337960562e-95
3.310990204997801487e-03 1.410329425387370074e-95
3.706711588853434450e-03 1.767043994640444121e-95
4.149728616593563631e-03 2.213867469978039625e-95
4.645693946936433998e-03 2.773519906375642767e-95
5.200935830429908278e-03 3.474433703807997131e-95
5.822538854520840738e-03 4.352182888616525739e-95
6.518434339075960919e-03 5.451267906208202833e-95
7.297501535752530522e-03 6.827342249491372841e-95
8.169680922468216741e-03 8.549989659594382981e-95
9.146101038546532516e-03 1.070618500202377512e-94
1.023922047888612720e-02 1.201545385201267646e-105
1.146298685892302785e-02 9.899886217493630898e-106
1.283301477869303216e-02 7.646208971370280093e-106
1.436678505672004530e-02 6.299024977530794029e-106
1.608386777584742272e-02 4.863893401627352457e-106
1.800617198695685789e-02 4.006012668511534959e-106
2.015822525666017412e-02 3.092127309062704243e-106
2.256748662584157766e-02 2.545832700741352410e-106
2.526469697223323804e-02 1.963874597221015651e-106
2.828427124746190832e-02 1.615996637545832914e-106
3.166473759329975490e-02 1.245408323868017506e-106
3.544922894000682861e-02 1.023881197324276843e-106
3.968603335929508230e-02 7.878922190734264693e-107
4.442921019412103545e-02 6.468247371307710782e-107
4.973927982679216681e-02 4.965480127969940188e-107
5.568399588645626258e-02 4.067168721501530134e-107
6.233920974892514372e-02 3.110213271976905773e-107
6.978983835938568081e-02 2.538172591957331010e-107
7.813094772689456458e-02 1.928787647991626729e-107
8.746896591546222954e-02 1.564514705178044843e-107
9.792304100884090257e-02 1.176461102351962825e-107
1.096265613759138391e-01 9.444937239803272722e-108
1.227288576344556098e-01 6.973829278284991118e-108
1.373971080294036917e-01 5.496671402846901043e-108
1.538184715372410971e-01 3.923080921272174035e-108
1.722024759137553429e-01 4.409969223029214277e-99
1.927836911553762467e-01 1.209113103701156273e-98
2.158247224860182500e-01 1.842146925530988862e-98
2.416195610583304343e-01 2.516506798071969421e-98
2.704973351224966849e-01 2.919619900408331793e-98
3.028265095254775718e-01 3.251840772704867203e-98
3.390195871240486714e-01 3.525636656180384629e-98
3.795383720991266085e-01 3.751282279498212186e-98
4.248998623284461762e-01 3.879208549018078716e-98
4.756828460010885662e-01 4.042674352783049367e-98
5.325352866431060095e-01 4.135348742661486578e-98
5.961825907831996840e-01 4.216811618098196684e-98
6.674368637494113576e-01 4.288419319892854334e-98
7.472072716958034766e-01 4.320905909757342805e-98
8.365116420730186464e-01 4.351364102148869915e-98
9.364894505584732132e-01 4.379920546134804034e-98
1.048416360152410354e+00 7.395471476547196232e+01
1.173720497950873298e+00 1.192483412200651003e+02
1.314000677278420071e+00 2.408940405811413825e+02
1.471046797685230834e+00 5.294347133434957868e+02
1.646862683101537606e+00 7.082247515500909003e+02
1.843691649551945533e+00 8.961155342497273750e+02
2.064045128659944162e+00 1.107086939788184281e+03
2.310734712163061033e+00 1.317407112583354319e+03
2.586908026309431730e+00 1.499232632214089108e+03
2.896088893873820069e+00 1.608779403048513359e+03
3.242222296238699286e+00 1.621272578326431130e+03
3.629724709232410529e+00 1.517374199159006594e+03
4.063540454982521588e+00 1.303068872488820261e+03
4.549204788803798749e+00 1.013840303956613525e+03
5.092914526075384529e+00 6.903312040751769700e+02
5.701607110268137824e+00 4.024082301252279876e+02
6.383049130987713760e+00 2.002957330934065965e+02
7.145935421475751781e+00 8.211249485642859725e+01
7.999999999999999112e+00 2.538843490571481709e+01
