1.000000000000000048e-04 1.327768758329451323e-98
1.028626538659982166e-04 1.371139150863055341e-98
1.058072556035615761e-04 1.419499880193971756e-98
1.088361510966035580e-04 1.472985177730401643e-98
1.119517533835742479e-04 1.531747904992226840e-98
1.151565445798619384e-04 1.595957968483246795e-98
1.184530778552273097e-04 1.665804511277076079e-98
1.218439794678438594e-04 1.750191089770706304e-98
1.253319508565661560e-04 1.831116218642377402e-98
1.289197707930926455e-04 1.918414981969518138e-98
1.326102975957372978e-04 2.012352580802993810e-98
1.364064714065734124e-04 2.113216369916635259e-98
1.403113165337654315e-04 2.221316236587206310e-98
1.443279438609522619e-04 2.336986487859231629e-98
1.484595533256035532e-04 2.460585442101043372e-98
1.527094364683226162e-04 2.592498477586213830e-98
1.570809790551273150e-04 2.736192473229270738e-98
1.615776637747967800e-04 2.885514129118233466e-98
1.662030730134355966e-04 3.044503768947894131e-98
1.709608917084625519e-04 3.213661735112424671e-98
1.758549102842998967e-04 3.393519410706956824e-98
1.808890276721010970e-04 3.584644491372964655e-98
1.860672544159232712e-04 3.787639628174150234e-98
1.913937158678174328e-04 4.003146961624494886e-98
1.968726554743851728e-04 4.231841761607832767e-98
2.025084381574160093e-04 4.474168942938075603e-98
2.083055537913018705e-04 4.731204154786143507e-98
2.142686207799975723e-04 5.003762356796842644e-98
2.204023897363772532e-04 5.292708745151015265e-98
2.267117472669183387e-04 5.598960355321881776e-98
2.332017198647269021e-04 5.923490875927403856e-98
2.398774779140088441e-04 6.267331007509116087e-98
2.467443398091732258e-04 6.629616491902067364e-98
2.538077761918523193e-04 7.015251682744900410e-98
2.610734143092127636e-04 7.423690766088482697e-98
2.685470424970289559e-04 7.856231979211681453e-98
2.762346147910940491e-04 8.314253856458191469e-98
2.841422556706366034e-04 8.799213419657378555e-98
2.922762649375266206e-04 9.312656384552843895e-98
3.006431227351558750e-04 9.856217291533462586e-98
3.092494947109916204e-04 1.043162863958064018e-97
3.181022373269157808e-04 1.103742570493816727e-97
3.272084033215818632e-04 1.168205996089869709e-97
3.365752473291382173e-04 1.236438120959007327e-97
3.462102316587988135e-04 1.308656364983573756e-97
3.561210322398608336e-04 1.385090958373131784e-97
3.663155447369079577e-04 1.465985432267832104e-97
3.768018908400718619e-04 1.551597765562630510e-97
3.875884247353595844e-04 1.642200695869974319e-97
3.986837397602079427e-04 1.737678921179187065e-97
4.100966752495598111e-04 1.839142618693954808e-97
4.218363235779214876e-04 1.946515545131008506e-97
4.339120374030096196e-04 2.060139708121159538e-97
4.463334371167585173e-04 2.180377554523408424e-97
4.591104185096246204e-04 2.307612150271318038e-97
4.722531606542909838e-04 2.442249261082889985e-97
4.857721340150598292e-04 2.584717915563551310e-97
4.996781087893840045e-04 2.735020415537497999e-97
5.139821634881900671e-04 2.894540183267988461e-97
5.286956937618265571e-04 3.063334984204196820e-97
5.438304214786655833e-04 3.241942836108589840e-97
5.593984040635989995e-04 3.430932925032949385e-97
5.754120441038579076e-04 3.630907705139762121e-97
5.918840992298164076e-04 3.842504315024058983e-97
6.088276922786474291e-04 4.066397328791379410e-97
6.262563217489299644e-04 4.302817564440826555e-97
6.441838725545339381e-04 4.553486025550151108e-97
6.626246270863539846e-04 4.818717862124608367e-97
6.815932765906978054e-04 5.099358651492234641e-97
7.011049328734052883e-04 5.396302126712217616e-97
7.211751403390100588e-04 5.710494757415926673e-97
7.418198883745427729e-04 6.042937181009461764e-97
7.630556240878410895e-04 6.394688755542882493e-97
7.848992654105084931e-04 6.766367947507150240e-97
8.073682145759741077e-04 7.160166307085147220e-97
8.304803719833739849e-04 7.576834178023059592e-97
8.542541504583124048e-04 8.017698667135085718e-97
8.787084899218574946e-04 8.484163942046597398e-97
9.038628724794601664e-04 8.977715377845692202e-97
9.297373379418169244e-04 9.499924950378564493e-97
9.563524997900373125e-04 1.005245516856523922e-96
9.837295615978474631e-04 1.063655153433477631e-96
1.011890333923895361e-03 1.125510633347466572e-96
1.040857251687631307e-03 1.190957239891192465e-96
1.070653392042589984e-03 1.260203237378532724e-96
1.101302492761338210e-03 1.333469142096832131e-96
1.132828971146705374e-03 1.410988086390433437e-96
1.165257943484384424e-03 1.493006871091982199e-96
1.198615245052391453e-03 1.579786472527559363e-96
1.232927450703327722e-03 1.671550880366135878e-96
1.268221896035839858e-03 1.768697031125375840e-96
1.304526699172145823e-03 1.871481492582839866e-96
1.341870783158976253e-03 1.980231282742600029e-96
1.380283899009778674e-03 2.095292376055307166e-96
1.419796649406532968e-03 2.217030826028711403e-96
1.460440513080082242e-03 2.345833832161942674e-96
1.502247869888375048e-03 2.482111135268402487e-96
1.545252026612610333e-03 2.626243331125490444e-96
1.589487243491852220e-03 2.778794899316635800e-96
1.634988761517220139e-03 2.940197682449597061e-96
1.681792830507429200e-03 3.110965024094479490e-96
1.729936737988030989e-03 3.291639660463047462e-96
1.779458838897368927e-03 3.482796121829244975e-96
1.830398586142911342e-03 3.685041865537117704e-96
1.882796562032308229e-03 3.899019833688060868e-96
1.936694510604209610e-03 4.125356869407325921e-96
1.992135370884596385e-03 4.364878972235021143e-96
2.049163311095141948e-03 4.618293656286019782e-96
2.107823763840826516e-03 4.886406052012710633e-96
2.168163462304844875e-03 5.170067843636716031e-96
2.230230477479675302e-03 5.470179980055580780e-96
2.294074256463917924e-03 5.787695654294466600e-96
2.359745661855452287e-03 6.123623013773170748e-96
2.427297012272282718e-03 6.478975575756841059e-96
2.496782124033354242e-03 6.854988340288197220e-96
2.568256354032547734e-03 7.252801505090099851e-96
2.641776643840005375e-03 7.673677299092669709e-96
2.717401565065928875e-03 8.118951759071137545e-96
2.795191366022987782e-03 8.590037280648348254e-96
2.875208019724493497e-03 9.088428829868623604e-96
2.957515273256627365e-03 9.615706926212442633e-96
3.042178698563999164e-03 1.017349083691204979e-95
3.129265744689015746e-03 1.076365638043490815e-95
3.218845791506713596e-03 1.138802113964527230e-95
3.310990204997801487e-03 1.204856421478799599e-95
3.405772394103993416e-03 1.274737926194575507e-95
3.503267869210911593e-03 1.348668081866948990e-95
3.603554302305151096e-03 1.426881112462911796e-95
3.706711588853434450e-03 1.509619421790465387e-95
3.812821911453151327e-03 1.597155849497085937e-95
3.921969805304996275e-03 1.689762217079966279e-95
4.034242225559842888e-03 1.787731632626739503e-95
4.149728616593563631e-03 1.891374300891974018e-95
4.268520983264918744e-03 2.001018087245357053e-95
4.390713964213296960e-03 2.117010039492295482e-95
4.516404907254772082e-03 2.239716928803519199e-95
4.645693946936433998e-03 2.369521564955596781e-95
4.778684084310855229e-03 2.506845080366763023e-95
4.915481268994222053e-03 2.652116231537250593e-95
5.056194483573503255e-03 2.805794022250591696e-95
5.200935830429908278e-03 2.968364052933393803e-95
5.349820621047796446e-03 3.140339778836101191e-95
5.502967467880191289e-03 3.322264264791910273e-95
5.660498378844094035e-03 3.514711851849584298e-95
5.822538854520840738e-03 3.718284439953403334e-95
5.989217988139029607e-03 3.933635268484238360e-95
6.160668568419559038e-03 4.161437965339850963e-95
6.337027185364758550e-03 4.402411058454117153e-95
6.518434339075960919e-03 4.657313805564072326e-95
6.705034551686074769e-03 4.926949822202090060e-95
6.896976482496431672e-03 5.212167965427755304e-95
7.094413046409604393e-03 5.513861462413076113e-95
7.297501535752530522e-03 5.832990389476841634e-95
7.506403745587029649e-03 6.170553919738651280e-95
7.721286102607511845e-03 6.527613408954528739e-95
7.942319797728596489e-03 6.905291883481950506e-95
8.169680922468216741e-03 7.304776070005271648e-95
8.403550609234972449e-03 7.727321200484625263e-95
8.644115175631362710e-03 8.174254093304715283e-95
8.891566272887911973e-03 8.646972180051230430e-95
9.146101038546532516e-03 9.146969697450880215e-95
9.407922253514586913e-03 9.675808843972668646e-95
9.677238503614930473e-03 1.023514783287649238e-94
9.954264345760530444e-03 1.082673829851341350e-94
1.023922047888612720e-02 3.077890595886478462e-103
1.053233391977304208e-02 2.885712393996228403e-103
1.083383818390727671e-02 2.885712393996228403e-103
1.114397347151489109e-02 2.705533413344598894e-103
1.146298685892302785e-02 2.536604446638997841e-103
1.179113249539885493e-02 2.378223065586579607e-103
1.212867180562336201e-02 2.229730700107381370e-103
1.247587369796127575e-02 2.090509899915533152e-103
1.283301477869303216e-02 1.959981767081836946e-103
1.320037957237941116e-02 1.959981767081836946e-103
1.357826074853456938e-02 1.837603548901989255e-103
1.396695935478781299e-02 1.722866381061279319e-103
1.436678505672004530e-02 1.615293171711550074e-103
1.477805638456589597e-02 1.514436617662160195e-103
1.520110098697808471e-02 1.419877344435985921e-103
1.563625589205610428e-02 1.331222162456600894e-103
1.608386777584742272e-02 1.331222162456600894e-103
1.654429323853476297e-02 1.248102432115629632e-103
1.701789908852975944e-02 1.170172530922010498e-103
1.750506263469923246e-02 1.097108416359385656e-103
1.800617198695685789e-02 1.028606278475788562e-103
1.852162636545978680e-02 9.643812766029298205e-104
1.905183641865636560e-02 9.041663549521941413e-104
1.959722455043869105e-02 9.041663549521941413e-104
2.015822525666017412e-02 8.477111321624457217e-104
2.073528547128658528e-02 7.947808601822414323e-104
2.132886492245613871e-02 7.451554481573484620e-104
2.193943649873238838e-02 6.986285472647661631e-104
2.256748662584157766e-02 6.550066926878751167e-104
2.321351565419486201e-02 6.141084991649362512e-104
2.387803825750377251e-02 6.141084991649362512e-104
2.456158384280673901e-02 5.757639067659272171e-104
2.526469697223323804e-02 5.398134737615568792e-104
2.598793779684163349e-02 5.061077136441250371e-104
2.673188250287613504e-02 4.745064735434633377e-104
2.749712377079881892e-02 4.448783514533402758e-104
2.828427124746190832e-02 4.448783514533402758e-104
2.909395203179679715e-02 4.171001498450796226e-104
2.992681117440669503e-02 3.910563633964470742e-104
3.078351219146086698e-02 3.666386987057180327e-104
3.166473759329975490e-02 3.437456239938348339e-104
3.257118942817253948e-02 3.222819469222575874e-104
3.350358984153972708e-02 3.222819469222575874e-104
3.446268165138675205e-02 3.021584187710206402e-104
3.544922894000682861e-02 2.832913633311174493e-104
3.646401766272449468e-02 2.656023289680999323e-104
3.750785627404478600e-02 2.490177624101284196e-104
3.858157637172678761e-02 2.334687029040407856e-104
3.968603335929508230e-02 2.334687029040407856e-104
4.082210712751628556e-02 2.188904954677033528e-104
4.199070275538406560e-02 2.052225220463090443e-104
4.319275123117088250e-02 1.924079494547369503e-104
4.442921019412103545e-02 1.803934930578852741e-104
4.570106469737551802e-02 1.691291952063297029e-104
4.700932799273728480e-02 1.691291952063297029e-104
4.835504233790115930e-02 1.585682175060142727e-104
4.973927982679216681e-02 1.486666460582070096e-104
5.116314324367349925e-02 1.393833088598808458e-104
5.262776694170478303e-02 1.306796046052485010e-104
5.413431774665002777e-02 1.306796046052485010e-104
5.568399588645626258e-02 1.225193421765860789e-104
5.727803594744219212e-02 1.148685901569273664e-104
5.891770785785949149e-02 1.076955357388840170e-104
6.060431789961004401e-02 1.009703524429148561e-104
6.233920974892514372e-02 1.009703524429148561e-104
6.412376554683549279e-02 9.466507609500148914e-105
6.595940700028561643e-02 8.875348854802955653e-105
6.784759651476877929e-02 8.321100866337260355e-105
6.978983835938568081e-02 7.801459009936722398e-105
7.178767986525454170e-02 7.801459009936722398e-105
7.384271265822768548e-02 7.314262548167134334e-105
7.595657392689647569e-02 6.857485655703259401e-105
7.813094772689456458e-02 6.429228995687470326e-105
8.036756632253956589e-02 6.027711822043684522e-105
8.266821156688042294e-02 6.027711822043684522e-105
8.503471632125131352e-02 5.651264574907003855e-105
8.746896591546222954e-02 5.298321938379821007e-105
8.997289964978996690e-02 4.967416331747688770e-105
9.254851233996537474e-02 4.967416331747688770e-105
9.519785590638922546e-02 4.657171807090636550e-105
9.792304100884090257e-02 4.366298327915400591e-105
1.007262387279835025e-01 4.093586405018356701e-105
1.036096822950047097e-01 3.837902067274393088e-105
1.065756688707712452e-01 3.837902067274393088e-105
1.096265613759138391e-01 3.598182146439643307e-105
1.127647903733023510e-01 3.373429856361699466e-105
1.159928560044084789e-01 3.162710648215037413e-105
1.193133299811004189e-01 3.162710648215037413e-105
1.227288576344556098e-01 2.965148324527223829e-105
1.262421600222239371e-01 2.779921395837534028e-105
1.298560360966197758e-01 2.779921395837534028e-105
1.335733649341717122e-01 2.606259664838512444e-105
1.373971080294036917e-01 2.443441023796849217e-105
1.413303116541771431e-01 2.290788451936880605e-105
1.453761092845727854e-01 2.290788451936880605e-105
1.495377240972454169e-01 2.147667200301448624e-105
1.538184715372410971e-01 2.013482152384391789e-105
1.582217619593213054e-01 1.887675349559832101e-105
1.627511033449003108e-01 1.887675349559832101e-105
1.674101040967578558e-01 1.769723671018708365e-105
1.722024759137553429e-01 1.659136658565413929e-105
1.771320367478451119e-01 1.659136658565413929e-105
1.822027138457288642e-01 1.555454477229767399e-105
1.874185468775872998e-01 1.458246003214266933e-105
1.927836911553762467e-01 1.458246003214266933e-105
1.983024209432496798e-01 1.367107031226090993e-105
2.039791328627496847e-01 1.281658593739693792e-105
2.098183493954748347e-01 1.281658593739693792e-105
2.158247224860182500e-01 1.201545385201267646e-105
2.220030372480441827e-01 1.126434284622710585e-105
2.283582157764587894e-01 1.126434284622710585e-105
2.348953210687081405e-01 1.056012970421866122e-105
2.416195610583304343e-01 9.899886217493630898e-106
2.485362927639746533e-01 9.899886217493630898e-106
2.556510265571914631e-01 9.280867009019989559e-106
2.629694305523950781e-01 9.280867009019989559e-106
2.704973351224966849e-01 8.700498117597775129e-106
2.782407375438030184e-01 8.156366294998595101e-106
2.862058067738826317e-01 8.156366294998595101e-106
2.943988883662065903e-01 7.646208971370280093e-106
3.028265095254775718e-01 7.167904847181387881e-106
3.114953843076764262e-01 7.167904847181387881e-106
3.204124189689661617e-01 6.719465072585919110e-106
3.295847174677196678e-01 6.719465072585919110e-106
3.390195871240486714e-01 6.299024977530794029e-106
3.487245444413464290e-01 6.299024977530794029e-106
3.587073210944812796e-01 5.904836318218810079e-106
3.689758700894115173e-01 5.535260007686850343e-106
3.795383720991266085e-01 5.535260007686850343e-106
3.904032419809689292e-01 5.188759300272238118e-106
4.015791354805195446e-01 5.188759300272238118e-106
4.130749561273948656e-01 4.863893401627352457e-106
4.248998623284461762e-01 4.863893401627352457e-106
4.370632746640129573e-01 4.559311477712077433e-106
4.495748833930407473e-01 4.559311477712077433e-106
4.624446561730486405e-01 4.273747037852732420e-106
4.756828460010885662e-01 4.273747037852732420e-106
4.892999993820290605e-01 4.006012668511534959e-106
5.033069647306680494e-01 4.006012668511534959e-106
5.177149010143692331e-01 3.754995095868963256e-106
5.325352866431060095e-01 3.754995095868963256e-106
5.477799286139994894e-01 3.519650556688534243e-106
5.634609719176304488e-01 3.519650556688534243e-106
5.795909092136216634e-01 3.299000458215488692e-106
5.961825907831996840e-01 3.299000458215488692e-106
6.132492347666632648e-01 3.092127309062704243e-106
6.308044376939162534e-01 3.092127309062704243e-106
6.488621853164494580e-01 3.092127309062704243e-106
6.674368637494113576e-01 2.898170904163942051e-106
6.865432709326311222e-01 2.898170904163942051e-106
7.061966284197347399e-01 2.716324747930932247e-106
7.264125935047412996e-01 2.716324747930932247e-106
7.472072716958034766e-01 2.545832700741352410e-106
7.685972295460231640e-01 2.545832700741352410e-106
7.905995078515776209e-01 2.545832700741352410e-106
8.132316352276537375e-01 2.385985834813384813e-106
8.365116420730186464e-01 2.385985834813384813e-106
8.604580749343471169e-01 2.236119486393150101e-106
8.850900112817500220e-01 2.236119486393150101e-106
9.104270747072710224e-01 2.095610491997624299e-106
9.364894505584732132e-01 2.095610491997624299e-106
9.632979020195509001e-01 2.095610491997624299e-106
9.908737866527932425e-01 1.689754454369638802e-41
1.019239073413572338e+00 2.615461002814976746e+04
1.048416360152410354e+00 2.862596028174939056e+04
1.078428891618071095e+00 3.154433660599444192e+04
1.109300577976017665e+00 3.478044198678191606e+04
1.141056013856990958e+00 3.794510108231069171e+04
1.173720497950873298e+00 4.168719519900356681e+04
1.207320053161477613e+00 4.593744407707567734e+04
1.241881447338276434e+00 5.020022090772342199e+04
1.277432214601620153e+00 5.643933890593545220e+04
1.314000677278420071e+00 7.638871709062124137e+04
1.351615968465773587e+00 9.219539617704435659e+04
1.390308055240508267e+00 1.170520330167973298e+05
1.430107762533135318e+00 1.340389094319968717e+05
1.471046797685230834e+00 1.469758223711886094e+05
1.513157775709810027e+00 1.575321309208535531e+05
1.556474245274819479e+00 1.597669550601998635e+05
1.601030715430445728e+00 1.620145948922211537e+05
1.646862683101537606e+00 1.636766309378751903e+05
1.694006661367025934e+00 1.653313938494290342e+05
1.742500208548916296e+00 1.662011850725949043e+05
1.792381958133969055e+00 1.668740726717517828e+05
1.843691649551945533e+00 1.666038296463476727e+05
1.896470159834930724e+00 1.660488930245401280e+05
1.950759536182947951e+00 1.642089484025454440e+05
2.006603029461818011e+00 1.620067033982816502e+05
2.064045128659944162e+00 1.590984660840513243e+05
2.123131596331476079e+00 1.559328654701221676e+05
2.183909505054088651e+00 1.521463027898011496e+05
2.246427274930422158e+00 1.474993681136130763e+05
2.310734712163061033e+00 1.426148730120315449e+05
2.376883048733759551e+00 1.372504227139508293e+05
2.444924983218592640e+00 1.316447239580333408e+05
2.514914722771456113e+00 1.258861225606759981e+05
2.586908026309431730e+00 1.198349893789918715e+05
2.660962248934396701e+00 1.135482097931436147e+05
2.737136387626270206e+00 1.072015041435593448e+05
2.815491128244298036e+00 1.008111590414156526e+05
2.896088893873820069e+00 9.439323776774731232e+04
2.978993894557043998e+00 8.790783018570565036e+04
3.064272178447432271e+00 8.148849022295913892e+04
3.151991684428465224e+00 7.474947042226672056e+04
3.242222296238699286e+00 6.681646169460061355e+04
3.335035898146239575e+00 5.930328607341330644e+04
3.430506432216950952e+00 5.234483037255086674e+04
3.528709957222126992e+00 4.596583430967067397e+04
3.629724709232410529e+00 4.010864544630784803e+04
3.733631163946344866e+00 3.480482863753830316e+04
3.840512100803168849e+00 3.001436417188056294e+04
3.950452668930940270e+00 2.572324731775674809e+04
4.063540454982521588e+00 2.193603796666874769e+04
4.179865552913480720e+00 1.859462916189729731e+04
4.299520635757485998e+00 1.561805344603919002e+04
4.422601029456388666e+00 1.301501773693072391e+04
4.549204788803798749e+00 1.071027048540102987e+04
4.679432775562676561e+00 8.736314876923848715e+03
4.813388738819109669e+00 7.049095155929361681e+03
4.951179397636437329e+00 5.532250672615232361e+03
5.092914526075384529e+00 4.248400898621058332e+03
5.238707040648066027e+00 3.243186285960838632e+03
5.388673090275498900e+00 2.478832859248597288e+03
5.542932148820276517e+00 1.874947926023643504e+03
5.701607110268137824e+00 1.378266180910072990e+03
5.864824386634258424e+00 1.014969273655264260e+03
6.032714008672249939e+00 7.437013996726984715e+02
6.205409729466122570e+00 5.313904494965009917e+02
6.383049130987713760e+00 3.813025434044925532e+02
6.565773733704499016e+00 2.703299649875055479e+02
6.753729109325100843e+00 1.873458080561281349e+02
6.947064996772242651e+00 1.304714984588197240e+02
7.145935421475751781e+00 8.753672418001929145e+01
7.350498818080363428e+00 5.824169140959535440e+01
7.560918156666295076e+00 3.815901008229784708e+01
7.777361072583063972e+00 2.398811528659742365e+01
7.999999999999999112e+00 1.513836423449052582e+01
