1.000000000000000048e-04 8.074563295657549889e-99
1.119517533835742479e-04 1.013362393134288354e-98
1.253319508565661560e-04 1.271801218178416147e-98
1.403113165337654315e-04 1.596219988884027483e-98
1.570809790551273150e-04 2.003229211094682823e-98
1.758549102842998967e-04 2.513825387721300143e-98
1.968726554743851728e-04 3.154232408093309749e-98
2.204023897363772532e-04 3.957369721381266997e-98
2.467443398091732258e-04 4.964500768376275366e-98
2.762346147910940491e-04 6.227313250489317069e-98
3.092494947109916204e-04 7.810653801980763087e-98
3.462102316587988135e-04 9.795714179572923003e-98
3.875884247353595844e-04 1.228435403960115893e-97
4.339120374030096196e-04 1.540414584745425037e-97
4.857721340150598292e-04 1.931496795377822182e-97
5.438304214786655833e-04 2.421728053246913466e-97
6.088276922786474291e-04 3.036215615517787282e-97
6.815932765906978054e-04 3.806436731320051005e-97
7.630556240878410895e-04 4.771820694090910118e-97
8.542541504583124048e-04 5.981790132851490841e-97
9.563524997900373125e-04 7.498256890304409707e-97
1.070653392042589984e-03 9.398810463976588354e-97
1.198615245052391453e-03 1.178064832211135894e-96
1.341870783158976253e-03 1.476556169636518382e-96
1.502247869888375048e-03 1.850611457348307706e-96
1.681792830507429200e-03 2.319344502541518148e-96
1.882796562032308229e-03 2.906696660731500881e-96
2.107823763840826516e-03 3.642657878616132861e-96
2.359745661855452287e-03 4.564788165508680901e-96
2.641776643840005375e-03 5.720128215065954199e-96
2.957515273256627365e-03 7.167583193495023889e-96
3.310990204997801487e-03 8.980911124956075548e-96
3.706711588853434450e-03 1.125245340830165200e-95
4.149728616593563631e-03 1.409780539872951689e-95
4.645693946936433998e-03 1.766164693147535966e-95
5.200935830429908278e-03 2.212503433829576443e-95
5.822538854520840738e-03 2.771450209303694970e-95
6.518434339075960919e-03 3.471342599645328307e-95
7.297501535752530522e-03 4.347620604075466084e-95
8.169680922468216741e-03 5.444594733090980952e-95
9.146101038546532516e-03 6.817650295613592600e-95
1.023922047888612720e-02 2.147667200301448624e-105
1.146298685892302785e-02 1.659136658565413929e-105
1.283301477869303216e-02 1.367107031226090993e-105
1.436678505672004530e-02 1.056012970421866122e-105
1.608386777584742272e-02 8.700498117597775129e-106
1.800617198695685789e-02 6.719465072585919110e-106
2.015822525666017412e-02 5.535260007686850343e-106
2.256748662584157766e-02 4.559311477712077433e-106
2.526469697223323804e-02 3.519650556688534243e-106
2.828427124746190832e-02 2.898170904163942051e-106
3.166473759329975490e-02 2.236119486393150101e-106
3.544922894000682861e-02 1.840364027330080024e-106
3.968603335929508230e-02 1.514206869291737281e-106
4.442921019412103545e-02 1.166757346176686997e-106
4.973927982679216681e-02 9.590619288258136933e-107
5.568399588645626258e-02 7.878922190734264693e-107
6.233920974892514372e-02 6.055481172824228534e-107
6.978983835938568081e-02 4.965480127969940188e-107
7.813094772689456458e-02 4.067168721501530134e-107
8.746896591546222954e-02 3.326836052279978918e-107
9.792304100884090257e-02 2.538172591957331010e-107
1.096265613759138391e-01 2.066732064215243091e-107
1.227288576344556098e-01 1.678199956341145135e-107
1.373971080294036917e-01 1.357995837335754440e-107
1.538184715372410971e-01 1.094103418279255905e-107
1.722024759137553429e-01 9.444937239803272722e-108
1.927836911553762467e-01 7.533205660246199882e-108
2.158247224860182500e-01 5.957674799859205471e-108
2.416195610583304343e-01 5.064452132744396913e-108
2.704973351224966849e-01 3.923080921272174035e-108
3.028265095254775718e-01 3.275998300860109900e-108
3.390195871240486714e-01 2.707198107267981338e-108
3.795383720991266085e-01 2.207209929522730586e-108
4.248998623284461762e-01 1.767709063135412748e-108
4.756828460010885662e-01 9.559793611520234586e-100
5.325352866431060095e-01 4.544865957863931525e-99
5.961825907831996840e-01 6.173052368116237813e-99
6.674368637494113576e-01 7.699578086561832703e-99
7.472072716958034766e-01 9.130790602771702506e-99
8.365116420730186464e-01 9.130790602771702506e-99
9.364894505584732132e-01 9.130790602636276305e-99
1.048416360152410354e+00 3.697979010415940024e+02
1.173720497950873298e+00 6.059561454582820943e+02
1.314000677278420071e+00 1.236915738188947671e+03
1.471046797685230834e+00 2.727983988106294419e+03
1.646862683101537606e+00 3.637515379797971946e+03
1.843691649551945533e+00 4.566550870990246949e+03
2.064045128659944162e+00 5.568094797595153977e+03
2.310734712163061033e+00 6.504728556527434193e+03
2.586908026309431730e+00 7.228018762783731290e+03
2.896088893873820069e+00 7.536922244594978110e+03
3.242222296238699286e+00 7.342409943444907185e+03
3.629724709232410529e+00 6.605494326231739251e+03
4.063540454982521588e+00 5.417821238035172428e+03
4.549204788803798749e+00 3.996441184055859594e+03
5.092914526075384529e+00 2.558890348111462117e+03
5.701607110268137824e+00 1.389641936216311706e+03
6.383049130987713760e+00 6.375120884505092818e+02
7.145935421475751781e+00 2.380193070106722359e+02
7.999999999999999112e+00 6.606074712467194843e+01
