1.000000000000000048e-04 1.120403775662579554e-98
1.119517533835742479e-04 1.403175258727002057e-98
1.253319508565661560e-04 1.758508315241488325e-98
1.403113165337654315e-04 2.205376619388056034e-98
1.570809790551273150e-04 2.766330942020962083e-98
1.758549102842998967e-04 3.470516494559341706e-98
1.968726554743851728e-04 4.353991623753912452e-98
2.204023897363772532e-04 5.462200781392344313e-98
2.467443398091732258e-04 6.852114019344076615e-98
2.762346147910940491e-04 8.594981791173991215e-98
3.092494947109916204e-04 1.078042452597764754e-97
3.462102316587988135e-04 1.352048373198788379e-97
3.875884247353595844e-04 1.695554717025466993e-97
4.339120374030096196e-04 2.126200481095545155e-97
4.857721340150598292e-04 2.666030261802741657e-97
5.438304214786655833e-04 3.342736757831339225e-97
6.088276922786474291e-04 4.190954378852813358e-97
6.815932765906978054e-04 5.254157258098250774e-97
7.630556240878410895e-04 6.586748413568925032e-97
8.542541504583124048e-04 8.256974740094198131e-97
9.563524997900373125e-04 1.035027297768824525e-96
1.070653392042589984e-03 1.297377191748407854e-96
1.198615245052391453e-03 1.626161548701354707e-96
1.341870783158976253e-03 2.038194836383276701e-96
1.502247869888375048e-03 2.554534120420105714e-96
1.681792830507429200e-03 3.201566429758988012e-96
1.882796562032308229e-03 4.012337385955794785e-96
2.107823763840826516e-03 5.028247290455515765e-96
2.359745661855452287e-03 6.301140726416366583e-96
2.641776643840005375e-03 7.895954591089166380e-96
2.957515273256627365e-03 9.893997977798052751e-96
3.310990204997801487e-03 1.239708609716188787e-95
3.706711588853434450e-03 1.553268851853877979e-95
4.149728616593563631e-03 1.946036641730830158e-95
4.645693946936433998e-03 2.437983839633354142e-95
5.200935830429908278e-03 3.054102744753854383e-95
5.822538854520840738e-03 3.825664147814762946e-95
6.518434339075960919e-03 4.791784521756630285e-95
7.297501535752530522e-03 6.001384960457932802e-95
8.169680922468216741e-03 7.515630718830754352e-95
9.146101038546532516e-03 9.410975082216118841e-95
1.023922047888612720e-02 1.076955357388840170e-104
1.146298685892302785e-02 8.321100866337260355e-105
1.283301477869303216e-02 6.857485655703259401e-105
1.436678505672004530e-02 5.651264574907003855e-105
1.608386777584742272e-02 4.366298327915400591e-105
1.800617198695685789e-02 3.598182146439643307e-105
2.015822525666017412e-02 2.779921395837534028e-105
2.256748662584157766e-02 2.290788451936880605e-105
2.526469697223323804e-02 1.887675349559832101e-105
2.828427124746190832e-02 1.458246003214266933e-105
3.166473759329975490e-02 1.201545385201267646e-105
3.544922894000682861e-02 9.899886217493630898e-106
3.968603335929508230e-02 7.646208971370280093e-106
4.442921019412103545e-02 6.299024977530794029e-106
4.973927982679216681e-02 5.188759300272238118e-106
5.568399588645626258e-02 4.273747037852732420e-106
6.233920974892514372e-02 3.299000458215488692e-106
6.978983835938568081e-02 2.716324747930932247e-106
7.813094772689456458e-02 2.236119486393150101e-106
8.746896591546222954e-02 1.840364027330080024e-106
9.792304100884090257e-02 1.514206869291737281e-106
1.096265613759138391e-01 1.245408323868017506e-106
1.227288576344556098e-01 1.023881197324276843e-106
1.373971080294036917e-01 8.982898453649272073e-107
1.538184715372410971e-01 7.378076287645584573e-107
1.722024759137553429e-01 6.055481172824228534e-107
1.927836911553762467e-01 5.305656484729204648e-107
2.158247224860182500e-01 4.347521022933105723e-107
2.416195610583304343e-01 3.804321055125056244e-107
2.704973351224966849e-01 3.326836052279978918e-107
3.028265095254775718e-01 2.907115983330092358e-107
3.390195871240486714e-01 2.538172591957331010e-107
3.795383720991266085e-01 2.213863043504724598e-107
4.248998623284461762e-01 1.928787647991626729e-107
4.756828460010885662e-01 1.799456204272793821e-107
5.325352866431060095e-01 1.564514705178044843e-107
5.961825907831996840e-01 1.457927732939694225e-107
6.674368637494113576e-01 1.357995837335754440e-107
7.472072716958034766e-01 1.264303488737418735e-107
8.365116420730186464e-01 1.264303488737418735e-107
9.364894505584732132e-01 1.176461102351962825e-107
1.048416360152410354e+00 2.349797104831119668e+03
1.173720497950873298e+00 3.781760481541560239e+03
1.314000677278420071e+00 7.547958973528899151e+03
1.471046797685230834e+00 1.621581467872791291e+04
1.646862683101537606e+00 2.096563498415122376e+04
1.843691649551945533e+00 2.537837622137888320e+04
2.064045128659944162e+00 2.967694431253259609e+04
2.310734712163061033e+00 3.303429456902591483e+04
2.586908026309431730e+00 3.472677105246012070e+04
2.896088893873820069e+00 3.396834151349504828e+04
3.242222296238699286e+00 3.075288750876744234e+04
3.629724709232410529e+00 2.542891844012531146e+04
4.063540454982521588e+00 1.893639974493889895e+04
4.549204788803798749e+00 1.250387356589584124e+04
5.092914526075384529e+00 7.052776347976968282e+03
5.701607110268137824e+00 3.313237228944616163e+03
6.383049130987713760e+00 1.281548621499721776e+03
7.145935421475751781e+00 4.004442295452319627e+02
7.999999999999999112e+00 9.498670531125482341e+01
