1.000000000000000048e-04 2.800815899867140469e-98
1.119517533835742479e-04 3.401753319200333741e-98
1.253319508565661560e-04 4.172131549874422948e-98
1.403113165337654315e-04 5.170730761183070512e-98
1.570809790551273150e-04 6.435984393063368116e-98
1.758549102842998967e-04 8.041148980725010703e-98
1.968726554743851728e-04 1.006449387996713969e-97
2.204023897363772532e-04 1.261119697722721686e-97
2.467443398091732258e-04 1.581336266476097595e-97
2.762346147910940491e-04 1.983215858021416339e-97
3.092494947109916204e-04 2.487867704321943733e-97
3.462102316587988135e-04 3.120575470014442021e-97
3.875884247353595844e-04 3.914498620302792637e-97
4.339120374030096196e-04 4.909554619383128498e-97
4.857721340150598292e-04 6.157600046900917757e-97
5.438304214786655833e-04 7.721683476138682056e-97
6.088276922786474291e-04 9.682875424390612443e-97
6.815932765906978054e-04 1.214063949398708554e-96
7.630556240878410895e-04 1.522181991174068349e-96
8.542541504583124048e-04 1.908311002603487690e-96
9.563524997900373125e-04 2.392314914824289956e-96
1.070653392042589984e-03 2.998849833649238574e-96
1.198615245052391453e-03 3.759043865811238627e-96
1.341870783158976253e-03 4.711658480623154232e-96
1.502247869888375048e-03 5.905493903967226001e-96
1.681792830507429200e-03 7.401442769226451430e-96
1.882796562032308229e-03 9.276024746170139480e-96
2.107823763840826516e-03 1.162484335263358266e-95
2.359745661855452287e-03 1.456788338881914789e-95
2.641776643840005375e-03 1.825516602153918773e-95
2.957515273256627365e-03 2.287480035115594166e-95
3.310990204997801487e-03 2.866207664046121214e-95
3.706711588853434450e-03 3.591181724445475641e-95
4.149728616593563631e-03 4.499283769883375657e-95
4.645693946936433998e-03 5.636700059374160896e-95
5.200935830429908278e-03 7.061204378176008168e-95
5.822538854520840738e-03 8.845106848866699052e-95
6.518434339075960919e-03 1.107883726193896997e-94
7.297501535752530522e-03 1.387551438259216580e-94
8.169680922468216741e-03 1.737654621951549148e-94
9.146101038546532516e-03 2.175870774110070839e-94
1.023922047888612720e-02 3.077890595886478462e-103
1.146298685892302785e-02 2.378223065586579607e-103
1.283301477869303216e-02 1.959981767081836946e-103
1.436678505672004530e-02 1.615293171711550074e-103
1.608386777584742272e-02 1.248102432115629632e-103
1.800617198695685789e-02 1.028606278475788562e-103
2.015822525666017412e-02 7.947808601822414323e-104
2.256748662584157766e-02 6.550066926878751167e-104
2.526469697223323804e-02 5.398134737615568792e-104
2.828427124746190832e-02 4.171001498450796226e-104
3.166473759329975490e-02 3.437456239938348339e-104
3.544922894000682861e-02 2.832913633311174493e-104
3.968603335929508230e-02 2.188904954677033528e-104
4.442921019412103545e-02 1.803934930578852741e-104
4.973927982679216681e-02 1.486666460582070096e-104
5.568399588645626258e-02 1.148685901569273664e-104
6.233920974892514372e-02 9.466507609500148914e-105
6.978983835938568081e-02 7.801459009936722398e-105
7.813094772689456458e-02 6.429228995687470326e-105
8.746896591546222954e-02 5.298321938379821007e-105
9.792304100884090257e-02 4.366298327915400591e-105
1.096265613759138391e-01 3.598182146439643307e-105
1.227288576344556098e-01 2.965148324527223829e-105
1.373971080294036917e-01 2.443441023796849217e-105
1.538184715372410971e-01 2.013482152384391789e-105
1.722024759137553429e-01 1.659136658565413929e-105
1.927836911553762467e-01 1.367107031226090993e-105
2.158247224860182500e-01 1.201545385201267646e-105
2.416195610583304343e-01 9.899886217493630898e-106
2.704973351224966849e-01 8.700498117597775129e-106
3.028265095254775718e-01 7.167904847181387881e-106
3.390195871240486714e-01 6.299024977530794029e-106
3.795383720991266085e-01 5.535260007686850343e-106
4.248998623284461762e-01 4.559311477712077433e-106
4.756828460010885662e-01 4.006012668511534959e-106
5.325352866431060095e-01 3.519650556688534243e-106
5.961825907831996840e-01 3.299000458215488692e-106
6.674368637494113576e-01 2.898170904163942051e-106
7.472072716958034766e-01 2.545832700741352410e-106
8.365116420730186464e-01 2.236119486393150101e-106
9.364894505584732132e-01 2.095610491997624299e-106
1.048416360152410354e+00 3.303532122924946452e+04
1.173720497950873298e+00 4.807380402313922241e+04
1.314000677278420071e+00 8.554062556016397139e+04
1.471046797685230834e+00 1.612625009757382213e+05
1.646862683101537606e+00 1.796969290952158335e+05
1.843691649551945533e+00 1.836223858556482883e+05
2.064045128659944162e+00 1.760914567845205020e+05
2.310734712163061033e+00 1.585993882293435163e+05
2.586908026309431730e+00 1.346407519478861359e+05
2.896088893873820069e+00 1.070491738724315946e+05
3.242222296238699286e+00 7.694155360221359297e+04
3.629724709232410529e+00 4.694707517251894751e+04
4.063540454982521588e+00 2.617412617378576033e+04
4.549204788803798749e+00 1.311340321317418238e+04
5.092914526075384529e+00 5.382340725655415554e+03
5.701607110268137824e+00 1.806581106598410088e+03
6.383049130987713760e+00 5.197818390763428624e+02
7.145935421475751781e+00 1.241029872370236120e+02
7.999999999999999112e+00 2.256277484156423796e+01
