1.000000000000000048e-04 1.149103941998345570e-98
1.028626538659982166e-04 1.207007247974487434e-98
1.058072556035615761e-04 1.268967425537897053e-98
1.088361510966035580e-04 1.335177134371525989e-98
1.119517533835742479e-04 1.405844071686022607e-98
1.151565445798619384e-04 1.481189509946006241e-98
1.184530778552273097e-04 1.561450786591121182e-98
1.218439794678438594e-04 1.646880568830788594e-98
1.253319508565661560e-04 1.739913345123527465e-98
1.289197707930926455e-04 1.836291720283699239e-98
1.326102975957372978e-04 1.938715689315976883e-98
1.364064714065734124e-04 2.047509835347714495e-98
1.403113165337654315e-04 2.163018937949922523e-98
1.443279438609522619e-04 2.285610034708225920e-98
1.484595533256035532e-04 2.415672106996409721e-98
1.527094364683226162e-04 2.553619309712431798e-98
1.570809790551273150e-04 2.699889723958792406e-98
1.615776637747967800e-04 2.855658451169505169e-98
1.662030730134355966e-04 3.019877004531926654e-98
1.709608917084625519e-04 3.193911069887475871e-98
1.758549102842998967e-04 3.378314231378601341e-98
1.808890276721010970e-04 3.573675030859523443e-98
1.860672544159232712e-04 3.780615637354212331e-98
1.913937158678174328e-04 3.999796509749707736e-98
1.968726554743851728e-04 4.231916356220847171e-98
2.025084381574160093e-04 4.477633682521791911e-98
2.083055537913018705e-04 4.737822289487702440e-98
2.142686207799975723e-04 5.013310492325552824e-98
2.204023897363772532e-04 5.304977633894737734e-98
2.267117472669183387e-04 5.613754003290625327e-98
2.332017198647269021e-04 5.940625726858910244e-98
2.398774779140088441e-04 6.286635149034307155e-98
2.467443398091732258e-04 6.652887781780199212e-98
2.538077761918523193e-04 7.040551267679074949e-98
2.610734143092127636e-04 7.450234559594954177e-98
2.685470424970289559e-04 7.884465564766981142e-98
2.762346147910940491e-04 8.344045298860771733e-98
2.841422556706366034e-04 8.830439209274375987e-98
2.922762649375266206e-04 9.345200928565992688e-98
3.006431227351558750e-04 9.889972403859305994e-98
3.092494947109916204e-04 1.046649308823089569e-97
3.181022373269157808e-04 1.107660242557802410e-97
3.272084033215818632e-04 1.172131610211156006e-97
3.365752473291382173e-04 1.240453661209619513e-97
3.462102316587988135e-04 1.312753562550475882e-97
3.561210322398608336e-04 1.389262081125268661e-97
3.663155447369079577e-04 1.470223250450281720e-97
3.768018908400718619e-04 1.555895521209398006e-97
3.875884247353595844e-04 1.646552072089466363e-97
3.986837397602079427e-04 1.742482338050336569e-97
4.100966752495598111e-04 1.843879690028310179e-97
4.218363235779214876e-04 1.951292137083776094e-97
4.339120374030096196e-04 2.064950689939443701e-97
4.463334371167585173e-04 2.185218136907405211e-97
4.591104185096246204e-04 2.312477862590288105e-97
4.722531606542909838e-04 2.447135932413648167e-97
4.857721340150598292e-04 2.589621655007938368e-97
4.996781087893840045e-04 2.740389534802845061e-97
5.139821634881900671e-04 2.899795556281470786e-97
5.286956937618265571e-04 3.068597724543115547e-97
5.438304214786655833e-04 3.247209813446908703e-97
5.593984040635989995e-04 3.436201224927024112e-97
5.754120441038579076e-04 3.636174615749355239e-97
5.918840992298164076e-04 3.847767313810472749e-97
6.088276922786474291e-04 4.071654071212958632e-97
6.262563217489299644e-04 4.308548245550816347e-97
6.441838725545339381e-04 4.559072696310538714e-97
6.626246270863539846e-04 4.824291377451565340e-97
6.815932765906978054e-04 5.104917156003836985e-97
7.011049328734052883e-04 5.401843901057488266e-97
7.211751403390100588e-04 5.716018210597449583e-97
7.418198883745427729e-04 6.048440841411986312e-97
7.630556240878410895e-04 6.400171263972655861e-97
7.848992654105084931e-04 6.772329889298545361e-97
8.073682145759741077e-04 7.165964899145159776e-97
8.304803719833739849e-04 7.582606503538368950e-97
8.542541504583124048e-04 8.023443682984670291e-97
8.787084899218574946e-04 8.489880691107636566e-97
9.038628724794601664e-04 8.983402983294958607e-97
9.297373379418169244e-04 9.505582610812120129e-97
9.563524997900373125e-04 1.005808215273428308e-96
9.837295615978474631e-04 1.064266147447529531e-96
1.011890333923895361e-03 1.126104055165452457e-96
1.040857251687631307e-03 1.191547196209960208e-96
1.070653392042589984e-03 1.260789675666270812e-96
1.101302492761338210e-03 1.334052015231688451e-96
1.132828971146705374e-03 1.411567352229305359e-96
1.165257943484384424e-03 1.493582492208555580e-96
1.198615245052391453e-03 1.580358415848685637e-96
1.232927450703327722e-03 1.672171343734301184e-96
1.268221896035839858e-03 1.769299129581453848e-96
1.304526699172145823e-03 1.872079587556182636e-96
1.341870783158976253e-03 1.980825354748295789e-96
1.380283899009778674e-03 2.095882408915350606e-96
1.419796649406532968e-03 2.217616806657140327e-96
1.460440513080082242e-03 2.346415750337853397e-96
1.502247869888375048e-03 2.482688983467187425e-96
1.545252026612610333e-03 2.626869839979280321e-96
1.589487243491852220e-03 2.779402534273312477e-96
1.634988761517220139e-03 2.940800967519902098e-96
1.681792830507429200e-03 3.111563960856703460e-96
1.729936737988030989e-03 3.292234252455712586e-96
1.779458838897368927e-03 3.483386374478131426e-96
1.830398586142911342e-03 3.685627785960916016e-96
1.882796562032308229e-03 3.899601430626101798e-96
1.936694510604209610e-03 4.125987211390507859e-96
1.992135370884596385e-03 4.365490112567165598e-96
2.049163311095141948e-03 4.618900222147353706e-96
2.107823763840826516e-03 4.887008058363814603e-96
2.168163462304844875e-03 5.170665306593884046e-96
2.230230477479675302e-03 5.470772916798666202e-96
2.294074256463917924e-03 5.788284082994822007e-96
2.359745661855452287e-03 6.124206953494472394e-96
2.427297012272282718e-03 6.479608305748751745e-96
2.496782124033354242e-03 6.855601656779744074e-96
2.568256354032547734e-03 7.253410099721832415e-96
2.641776643840005375e-03 7.674281195313765775e-96
2.717401565065928875e-03 8.119550980985334772e-96
2.795191366022987782e-03 8.590631852888968889e-96
2.875208019724493497e-03 9.089018777611898069e-96
2.957515273256627365e-03 9.616292275069235926e-96
3.042178698563999164e-03 1.017412499224528469e-95
3.129265744689015746e-03 1.076427098467522168e-95
3.218845791506713596e-03 1.138863092320638425e-95
3.310990204997801487e-03 1.204916920650462910e-95
3.405772394103993416e-03 1.274797949093248980e-95
3.503267869210911593e-03 1.348727631428302333e-95
3.603554302305151096e-03 1.426940191642754364e-95
3.706711588853434450e-03 1.509683420590727709e-95
3.812821911453151327e-03 1.597217869239322005e-95
3.921969805304996275e-03 1.689823744676798650e-95
4.034242225559842888e-03 1.787792671287589106e-95
4.149728616593563631e-03 1.891434853837573983e-95
4.268520983264918744e-03 2.001078157697712578e-95
4.390713964213296960e-03 2.117069630680990267e-95
4.516404907254772082e-03 2.239776043955236873e-95
4.645693946936433998e-03 2.369585597137112271e-95
4.778684084310855229e-03 2.506907127208255241e-95
4.915481268994222053e-03 2.652177780960262354e-95
5.056194483573503255e-03 2.805855077684087001e-95
5.200935830429908278e-03 2.968424617800265398e-95
5.349820621047796446e-03 3.140399856549383317e-95
5.502967467880191289e-03 3.322323858754493579e-95
5.660498378844094035e-03 3.514770965453276429e-95
5.822538854520840738e-03 3.718348465887290528e-95
5.989217988139029607e-03 3.933697304922651496e-95
6.160668568419559038e-03 4.161499500193914159e-95
6.337027185364758550e-03 4.402472095282251357e-95
6.518434339075960919e-03 4.657374347902552438e-95
6.705034551686074769e-03 4.927009873573965358e-95
6.896976482496431672e-03 5.212227529330541944e-95
7.094413046409604393e-03 5.513925972385088387e-95
7.297501535752530522e-03 5.833052891358370915e-95
7.506403745587029649e-03 6.170615912760965854e-95
7.721286102607511845e-03 6.527674896759832898e-95
7.942319797728596489e-03 6.905352869692010336e-95
8.169680922468216741e-03 7.304836558214634225e-95
8.403550609234972449e-03 7.727381194264566582e-95
8.644115175631362710e-03 8.174313596200211785e-95
8.891566272887911973e-03 8.647036619717866953e-95
9.146101038546532516e-03 9.147032127090489658e-95
9.407922253514586913e-03 9.675870761212202526e-95
9.677238503614930473e-03 1.023520924138637062e-94
9.954264345760530444e-03 1.082679920193022123e-94
1.023922047888612720e-02 8.477111321624457217e-104
1.053233391977304208e-02 7.947808601822414323e-104
1.083383818390727671e-02 7.451554481573484620e-104
1.114397347151489109e-02 7.451554481573484620e-104
1.146298685892302785e-02 6.986285472647661631e-104
1.179113249539885493e-02 6.550066926878751167e-104
1.212867180562336201e-02 6.141084991649362512e-104
1.247587369796127575e-02 5.757639067659272171e-104
1.283301477869303216e-02 5.398134737615568792e-104
1.320037957237941116e-02 5.061077136441250371e-104
1.357826074853456938e-02 5.061077136441250371e-104
1.396695935478781299e-02 4.745064735434633377e-104
1.436678505672004530e-02 4.448783514533402758e-104
1.477805638456589597e-02 4.171001498450796226e-104
1.520110098697808471e-02 3.910563633964470742e-104
1.563625589205610428e-02 3.666386987057180327e-104
1.608386777584742272e-02 3.437456239938348339e-104
1.654429323853476297e-02 3.437456239938348339e-104
1.701789908852975944e-02 3.222819469222575874e-104
1.750506263469923246e-02 3.021584187710206402e-104
1.800617198695685789e-02 2.832913633311174493e-104
1.852162636545978680e-02 2.656023289680999323e-104
1.905183641865636560e-02 2.490177624101284196e-104
1.959722455043869105e-02 2.490177624101284196e-104
2.015822525666017412e-02 2.334687029040407856e-104
2.073528547128658528e-02 2.188904954677033528e-104
2.132886492245613871e-02 2.052225220463090443e-104
2.193943649873238838e-02 1.924079494547369503e-104
2.256748662584157766e-02 1.803934930578852741e-104
2.321351565419486201e-02 1.691291952063297029e-104
2.387803825750377251e-02 1.691291952063297029e-104
2.456158384280673901e-02 1.585682175060142727e-104
2.526469697223323804e-02 1.486666460582070096e-104
2.598793779684163349e-02 1.393833088598808458e-104
2.673188250287613504e-02 1.306796046052485010e-104
2.749712377079881892e-02 1.225193421765860789e-104
2.828427124746190832e-02 1.225193421765860789e-104
2.909395203179679715e-02 1.148685901569273664e-104
2.992681117440669503e-02 1.076955357388840170e-104
3.078351219146086698e-02 1.009703524429148561e-104
3.166473759329975490e-02 9.466507609500148914e-105
3.257118942817253948e-02 8.875348854802955653e-105
3.350358984153972708e-02 8.875348854802955653e-105
3.446268165138675205e-02 8.321100866337260355e-105
3.544922894000682861e-02 7.801459009936722398e-105
3.646401766272449468e-02 7.314262548167134334e-105
3.750785627404478600e-02 6.857485655703259401e-105
3.858157637172678761e-02 6.429228995687470326e-105
3.968603335929508230e-02 6.429228995687470326e-105
4.082210712751628556e-02 6.027711822043684522e-105
4.199070275538406560e-02 5.651264574907003855e-105
4.319275123117088250e-02 5.298321938379821007e-105
4.442921019412103545e-02 4.967416331747688770e-105
4.570106469737551802e-02 4.967416331747688770e-105
4.700932799273728480e-02 4.657171807090636550e-105
4.835504233790115930e-02 4.366298327915400591e-105
4.973927982679216681e-02 4.093586405018356701e-105
5.116314324367349925e-02 3.837902067274393088e-105
5.262776694170478303e-02 3.598182146439643307e-105
5.413431774665002777e-02 3.598182146439643307e-105
5.568399588645626258e-02 3.373429856361699466e-105
5.727803594744219212e-02 3.162710648215037413e-105
5.891770785785949149e-02 2.965148324527223829e-105
6.060431789961004401e-02 2.779921395837534028e-105
6.233920974892514372e-02 2.779921395837534028e-105
6.412376554683549279e-02 2.606259664838512444e-105
6.595940700028561643e-02 2.443441023796849217e-105
6.784759651476877929e-02 2.290788451936880605e-105
6.978983835938568081e-02 2.290788451936880605e-105
7.178767986525454170e-02 2.147667200301448624e-105
7.384271265822768548e-02 2.013482152384391789e-105
7.595657392689647569e-02 1.887675349559832101e-105
7.813094772689456458e-02 1.769723671018708365e-105
8.036756632253956589e-02 1.769723671018708365e-105
8.266821156688042294e-02 1.659136658565413929e-105
8.503471632125131352e-02 1.555454477229767399e-105
8.746896591546222954e-02 1.458246003214266933e-105
8.997289964978996690e-02 1.458246003214266933e-105
9.254851233996537474e-02 1.367107031226090993e-105
9.519785590638922546e-02 1.281658593739693792e-105
9.792304100884090257e-02 1.201545385201267646e-105
1.007262387279835025e-01 1.201545385201267646e-105
1.036096822950047097e-01 1.126434284622710585e-105
1.065756688707712452e-01 1.056012970421866122e-105
1.096265613759138391e-01 9.899886217493630898e-106
1.127647903733023510e-01 9.899886217493630898e-106
1.159928560044084789e-01 9.280867009019989559e-106
1.193133299811004189e-01 8.700498117597775129e-106
1.227288576344556098e-01 8.156366294998595101e-106
1.262421600222239371e-01 8.156366294998595101e-106
1.298560360966197758e-01 7.646208971370280093e-106
1.335733649341717122e-01 7.167904847181387881e-106
1.373971080294036917e-01 7.167904847181387881e-106
1.413303116541771431e-01 6.719465072585919110e-106
1.453761092845727854e-01 6.299024977530794029e-106
1.495377240972454169e-01 6.299024977530794029e-106
1.538184715372410971e-01 5.904836318218810079e-106
1.582217619593213054e-01 5.535260007686850343e-106
1.627511033449003108e-01 5.535260007686850343e-106
1.674101040967578558e-01 5.188759300272238118e-106
1.722024759137553429e-01 4.863893401627352457e-106
1.771320367478451119e-01 4.863893401627352457e-106
1.822027138457288642e-01 4.559311477712077433e-106
1.874185468775872998e-01 4.273747037852732420e-106
1.927836911553762467e-01 4.273747037852732420e-106
1.983024209432496798e-01 4.006012668511534959e-106
2.039791328627496847e-01 3.754995095868963256e-106
2.098183493954748347e-01 3.754995095868963256e-106
2.158247224860182500e-01 3.519650556688534243e-106
2.220030372480441827e-01 3.299000458215488692e-106
2.283582157764587894e-01 3.299000458215488692e-106
2.348953210687081405e-01 3.092127309062704243e-106
2.416195610583304343e-01 3.092127309062704243e-106
2.485362927639746533e-01 2.898170904163942051e-106
2.556510265571914631e-01 2.716324747930932247e-106
2.629694305523950781e-01 2.716324747930932247e-106
2.704973351224966849e-01 2.545832700741352410e-106
2.782407375438030184e-01 2.545832700741352410e-106
2.862058067738826317e-01 2.385985834813384813e-106
2.943988883662065903e-01 2.385985834813384813e-106
3.028265095254775718e-01 2.236119486393150101e-106
3.114953843076764262e-01 2.095610491997624299e-106
3.204124189689661617e-01 2.095610491997624299e-106
3.295847174677196678e-01 1.963874597221015651e-106
3.390195871240486714e-01 1.963874597221015651e-106
3.487245444413464290e-01 1.840364027330080024e-106
3.587073210944812796e-01 1.840364027330080024e-106
3.689758700894115173e-01 1.724565209546577030e-106
3.795383720991266085e-01 1.724565209546577030e-106
3.904032419809689292e-01 1.615996637545832914e-106
4.015791354805195446e-01 1.615996637545832914e-106
4.130749561273948656e-01 1.514206869291737281e-106
4.248998623284461762e-01 1.514206869291737281e-106
4.370632746640129573e-01 1.514206869291737281e-106
4.495748833930407473e-01 1.418772649882905317e-106
4.624446561730486405e-01 1.418772649882905317e-106
4.756828460010885662e-01 1.329297151604557132e-106
4.892999993820290605e-01 1.329297151604557132e-106
5.033069647306680494e-01 1.245408323868017506e-106
5.177149010143692331e-01 1.245408323868017506e-106
5.325352866431060095e-01 1.245408323868017506e-106
5.477799286139994894e-01 1.166757346176686997e-106
5.634609719176304488e-01 1.166757346176686997e-106
5.795909092136216634e-01 1.166757346176686997e-106
5.961825907831996840e-01 1.093017177685720049e-106
6.132492347666632648e-01 1.093017177685720049e-106
6.308044376939162534e-01 1.023881197324276843e-106
6.488621853164494580e-01 1.023881197324276843e-106
6.674368637494113576e-01 1.023881197324276843e-106
6.865432709326311222e-01 1.023881197324276843e-106
7.061966284197347399e-01 9.590619288258136933e-107
7.264125935047412996e-01 9.590619288258136933e-107
7.472072716958034766e-01 9.590619288258136933e-107
7.685972295460231640e-01 8.982898453649272073e-107
7.905995078515776209e-01 8.982898453649272073e-107
8.132316352276537375e-01 8.982898453649272073e-107
8.365116420730186464e-01 8.982898453649272073e-107
8.604580749343471169e-01 8.413122488302712881e-107
8.850900112817500220e-01 8.413122488302712881e-107
9.104270747072710224e-01 8.413122488302712881e-107
9.364894505584732132e-01 8.413122488302712881e-107
9.632979020195509001e-01 7.878922190734264693e-107
9.908737866527932425e-01 6.797136929385078048e-42
1.019239073413572338e+00 1.064879400303192233e+04
1.048416360152410354e+00 1.180188348542636231e+04
1.078428891618071095e+00 1.317334508208690386e+04
1.109300577976017665e+00 1.472295105936818072e+04
1.141056013856990958e+00 1.628875239767495623e+04
1.173720497950873298e+00 1.815200494200023604e+04
1.207320053161477613e+00 2.029905440132650983e+04
1.241881447338276434e+00 2.252139855046235243e+04
1.277432214601620153e+00 2.572001671765755600e+04
1.314000677278420071e+00 3.538433696707506169e+04
1.351615968465773587e+00 4.343082587194443477e+04
1.390308055240508267e+00 5.610292314359312877e+04
1.430107762533135318e+00 6.540147232154999074e+04
1.471046797685230834e+00 7.304459658626288001e+04
1.513157775709810027e+00 7.979421072521411406e+04
1.556474245274819479e+00 8.253831125426580547e+04
1.601030715430445728e+00 8.541516599470970687e+04
1.646862683101537606e+00 8.811867233416093222e+04
1.694006661367025934e+00 9.095039294821089425e+04
1.742500208548916296e+00 9.348708934574427258e+04
1.792381958133969055e+00 9.604289632279703801e+04
1.843691649551945533e+00 9.820461727239267202e+04
1.896470159834930724e+00 1.003092997312205407e+05
1.950759536182947951e+00 1.019700152235234273e+05
2.006603029461818011e+00 1.035091948966033087e+05
2.064045128659944162e+00 1.045083809186145372e+05
2.123131596331476079e+00 1.052161048960219196e+05
2.183909505054088651e+00 1.054955214614913275e+05
2.246427274930422158e+00 1.051807172559415194e+05
2.310734712163061033e+00 1.045085276268248854e+05
2.376883048733759551e+00 1.032424586886912002e+05
2.444924983218592640e+00 1.015091544618518819e+05
2.514914722771456113e+00 9.938269491091425880e+04
2.586908026309431730e+00 9.674075161597739498e+04
2.660962248934396701e+00 9.359342649385982077e+04
2.737136387626270206e+00 9.006805872429632291e+04
2.815491128244298036e+00 8.621972118580507231e+04
2.896088893873820069e+00 8.204215742355008842e+04
2.978993894557043998e+00 7.752427083649876295e+04
3.064272178447432271e+00 7.276181300821607874e+04
3.151991684428465224e+00 6.782292645640225965e+04
3.242222296238699286e+00 6.263567887731397059e+04
3.335035898146239575e+00 5.750844118550110579e+04
3.430506432216950952e+00 5.251929497569671366e+04
3.528709957222126992e+00 4.769645661428118183e+04
3.629724709232410529e+00 4.292821860341446882e+04
3.733631163946344866e+00 3.841876214384561172e+04
3.840512100803168849e+00 3.417500214525099727e+04
3.950452668930940270e+00 3.021661068098713440e+04
4.063540454982521588e+00 2.658435957619061082e+04
4.179865552913480720e+00 2.325061161669435387e+04
4.299520635757485998e+00 2.015488217780559717e+04
4.422601029456388666e+00 1.734686226986717520e+04
4.549204788803798749e+00 1.482310433710858160e+04
4.679432775562676561e+00 1.256635292774658046e+04
4.813388738819109669e+00 1.057307130336808405e+04
4.951179397636437329e+00 8.723402151596344993e+03
5.092914526075384529e+00 6.907594798834674293e+03
5.238707040648066027e+00 5.435701211011707528e+03
5.388673090275498900e+00 4.283099392343900035e+03
5.542932148820276517e+00 3.340260160661682676e+03
5.701607110268137824e+00 2.531630835385197770e+03
5.864824386634258424e+00 1.922604294692898520e+03
6.032714008672249939e+00 1.452965901546230043e+03
6.205409729466122570e+00 1.070960371429152701e+03
6.383049130987713760e+00 7.927266573791564497e+02
6.565773733704499016e+00 5.799786258462995647e+02
6.753729109325100843e+00 4.143926790171668699e+02
6.947064996772242651e+00 2.959160688547794393e+02
7.145935421475751781e+00 2.034865748233025045e+02
7.350498818080363428e+00 1.378416243459311374e+02
7.560918156666295076e+00 9.045809825624468203e+01
7.777361072583063972e+00 5.687145478195467518e+01
7.999999999999999112e+00 3.588145902589612746e+01
