1.000000000000000048e-04 1.311159047128066692e-98
1.119517533835742479e-04 1.621528651729627251e-98
1.253319508565661560e-04 2.019007452773755397e-98
1.403113165337654315e-04 2.520393610075209956e-98
1.570809790551273150e-04 3.153470091893008747e-98
1.758549102842998967e-04 3.950892433748230759e-98
1.968726554743851728e-04 4.952864487700839270e-98
2.204023897363772532e-04 6.211102304940266419e-98
2.467443398091732258e-04 7.790478406801613037e-98
2.762346147910940491e-04 9.771477580821564440e-98
3.092494947109916204e-04 1.225667678348455645e-97
3.462102316587988135e-04 1.537244360684110395e-97
3.875884247353595844e-04 1.927990645563961379e-97
4.339120374030096196e-04 2.417793359909152583e-97
4.857721340150598292e-04 3.031917805059345165e-97
5.438304214786655833e-04 3.801663945058884629e-97
6.088276922786474291e-04 4.766641313467543736e-97
6.815932765906978054e-04 5.976087780654342188e-97
7.630556240878410895e-04 7.492116068101747036e-97
8.542541504583124048e-04 9.392136311855505477e-97
9.563524997900373125e-04 1.177357491937233573e-96
1.070653392042589984e-03 1.475806879399049352e-96
1.198615245052391453e-03 1.849846064892391760e-96
1.341870783158976253e-03 2.318579666705444417e-96
1.502247869888375048e-03 2.905986832700821893e-96
1.681792830507429200e-03 3.642061928591803845e-96
1.882796562032308229e-03 4.564422842438204965e-96
2.107823763840826516e-03 5.720143283440791664e-96
2.359745661855452287e-03 7.168227498178751799e-96
2.641776643840005375e-03 8.982524965986988113e-96
2.957515273256627365e-03 1.125555965547130834e-95
3.310990204997801487e-03 1.410313689431166396e-95
3.706711588853434450e-03 1.767028771573542619e-95
4.149728616593563631e-03 2.213851720610472311e-95
4.645693946936433998e-03 2.773504675815000730e-95
5.200935830429908278e-03 3.474417951711439819e-95
5.822538854520840738e-03 4.352167659832219055e-95
6.518434339075960919e-03 5.451252160214725727e-95
7.297501535752530522e-03 6.827325993948132420e-95
8.169680922468216741e-03 8.549973927843267258e-95
9.146101038546532516e-03 1.070616876541090255e-94
1.023922047888612720e-02 5.757639067659272171e-104
1.146298685892302785e-02 4.745064735434633377e-104
1.283301477869303216e-02 3.666386987057180327e-104
1.436678505672004530e-02 3.021584187710206402e-104
1.608386777584742272e-02 2.334687029040407856e-104
1.800617198695685789e-02 1.924079494547369503e-104
2.015822525666017412e-02 1.585682175060142727e-104
2.256748662584157766e-02 1.225193421765860789e-104
2.526469697223323804e-02 1.009703524429148561e-104
2.828427124746190832e-02 8.321100866337260355e-105
3.166473759329975490e-02 6.429228995687470326e-105
3.544922894000682861e-02 5.298321938379821007e-105
3.968603335929508230e-02 4.366298327915400591e-105
4.442921019412103545e-02 3.373429856361699466e-105
4.973927982679216681e-02 2.779921395837534028e-105
5.568399588645626258e-02 2.290788451936880605e-105
6.233920974892514372e-02 1.887675349559832101e-105
6.978983835938568081e-02 1.555454477229767399e-105
7.813094772689456458e-02 1.281658593739693792e-105
8.746896591546222954e-02 9.899886217493630898e-106
9.792304100884090257e-02 8.156366294998595101e-106
1.096265613759138391e-01 7.167904847181387881e-106
1.227288576344556098e-01 5.904836318218810079e-106
1.373971080294036917e-01 4.863893401627352457e-106
1.538184715372410971e-01 4.006012668511534959e-106
1.722024759137553429e-01 3.299000458215488692e-106
1.927836911553762467e-01 2.898170904163942051e-106
2.158247224860182500e-01 2.385985834813384813e-106
2.416195610583304343e-01 2.095610491997624299e-106
2.704973351224966849e-01 1.840364027330080024e-106
3.028265095254775718e-01 1.514206869291737281e-106
3.390195871240486714e-01 1.329297151604557132e-106
3.795383720991266085e-01 1.166757346176686997e-106
4.248998623284461762e-01 1.023881197324276843e-106
4.756828460010885662e-01 9.590619288258136933e-107
5.325352866431060095e-01 8.413122488302712881e-107
5.961825907831996840e-01 7.878922190734264693e-107
6.674368637494113576e-01 7.378076287645584573e-107
7.472072716958034766e-01 6.468247371307710782e-107
8.365116420730186464e-01 6.468247371307710782e-107
9.364894505584732132e-01 6.055481172824228534e-107
1.048416360152410354e+00 1.024823391038258160e+04
1.173720497950873298e+00 1.592456999929999074e+04
1.314000677278420071e+00 3.051823903862413135e+04
1.471046797685230834e+00 6.260027421776426490e+04
1.646862683101537606e+00 7.679493432133461465e+04
1.843691649551945533e+00 8.750023297428566730e+04
2.064045128659944162e+00 9.548441484095511260e+04
2.310734712163061033e+00 9.823851469042878307e+04
2.586908026309431730e+00 9.438552075563927065e+04
2.896088893873820069e+00 8.331367245207482483e+04
3.242222296238699286e+00 6.708554898378616781e+04
3.629724709232410529e+00 4.844799281493992748e+04
4.063540454982521588e+00 3.098577289652494801e+04
4.549204788803798749e+00 1.773782538509108417e+04
5.092914526075384529e+00 8.910840595946810936e+03
5.701607110268137824e+00 3.699027963907450612e+03
6.383049130987713760e+00 1.204802126782111827e+03
7.145935421475751781e+00 3.262596152899936897e+02
7.999999999999999112e+00 6.630841056824188229e+01
