1.000000000000000048e-04 1.022632354231471083e+02
1.119517533835742479e-04 1.239437627449367199e+02
1.253319508565661560e-04 1.509307427145653833e+02
1.403113165337654315e-04 1.801082831766245249e+02
1.570809790551273150e-04 2.157439892056344206e+02
1.758549102842998967e-04 2.548846102403047951e+02
1.968726554743851728e-04 3.020122249929078180e+02
2.204023897363772532e-04 3.543955716900666744e+02
2.467443398091732258e-04 4.167964031457431133e+02
2.762346147910940491e-04 4.867835149292811820e+02
3.092494947109916204e-04 5.694858150992349692e+02
3.462102316587988135e-04 6.628753823497095254e+02
3.875884247353595844e-04 7.725651783899943439e+02
4.339120374030096196e-04 8.970672576754471947e+02
4.857721340150598292e-04 1.042634698606927259e+03
5.438304214786655833e-04 1.208501057076467987e+03
6.088276922786474291e-04 1.401767628787671583e+03
6.815932765906978054e-04 1.622630839485539809e+03
7.630556240878410895e-04 1.879317714326430632e+03
8.542541504583124048e-04 2.173308997741701660e+03
9.563524997900373125e-04 2.514327819590029321e+03
1.070653392042589984e-03 2.905567792105352510e+03
1.198615245052391453e-03 3.358742394191806397e+03
1.341870783158976253e-03 3.879329397488476388e+03
1.502247869888375048e-03 4.481690888242450455e+03
1.681792830507429200e-03 5.174346751472833603e+03
1.882796562032308229e-03 5.975175310234971221e+03
2.107823763840826516e-03 6.896725052706679890e+03
2.359745661855452287e-03 7.961494380471033764e+03
2.641776643840005375e-03 9.187269061726545260e+03
2.957515273256627365e-03 1.060243560551566225e+04
3.310990204997801487e-03 1.223124534326768844e+04
3.706711588853434450e-03 1.410897140770852639e+04
4.149728616593563631e-03 1.626674378360679293e+04
4.645693946936433998e-03 1.874597363484640300e+04
5.200935830429908278e-03 2.158196869327114473e+04
5.822538854520840738e-03 2.481641489738292148e+04
6.518434339075960919e-03 2.847815206357847273e+04
7.297501535752530522e-03 3.259230083139764247e+04
8.169680922468216741e-03 3.715742139887952362e+04
9.146101038546532516e-03 4.215134203867155884e+04
1.023922047888612720e-02 4.751034344483404129e+04
1.146298685892302785e-02 5.313954638643772341e+04
1.283301477869303216e-02 5.890256093667601090e+04
1.436678505672004530e-02 6.464444479486684577e+04
1.608386777584742272e-02 7.019877963336258836e+04
1.800617198695685789e-02 7.541415477538504638e+04
2.015822525666017412e-02 8.016260580193059286e+04
2.256748662584157766e-02 8.448605541914606874e+04
2.526469697223323804e-02 8.825712111716135405e+04
2.828427124746190832e-02 9.146714308204087138e+04
3.166473759329975490e-02 9.415488831507177383e+04
3.544922894000682861e-02 9.638875365227553993e+04
3.968603335929508230e-02 9.826638801819302898e+04
4.442921019412103545e-02 9.989002061656277510e+04
4.973927982679216681e-02 1.013558711794017145e+05
5.568399588645626258e-02 1.033534565473749244e+05
6.233920974892514372e-02 1.054419461766000459e+05
6.978983835938568081e-02 1.076333337389478984e+05
7.813094772689456458e-02 1.099359453446990228e+05
8.746896591546222954e-02 1.123975444460217113e+05
9.792304100884090257e-02 1.150324140540040826e+05
1.096265613759138391e-01 1.184427283177621866e+05
1.227288576344556098e-01 1.223166234282132937e+05
1.373971080294036917e-01 1.265243508457909920e+05
1.538184715372410971e-01 1.312571888457585010e+05
1.722024759137553429e-01 1.368755820153817767e+05
1.927836911553762467e-01 1.431392143290754175e+05
2.158247224860182500e-01 1.504096236219344137e+05
2.416195610583304343e-01 1.587226039655731292e+05
2.704973351224966849e-01 1.682714588155416131e+05
3.028265095254775718e-01 1.793073725838991231e+05
3.390195871240486714e-01 1.920331309013455175e+05
3.795383720991266085e-01 2.067397671074174286e+05
4.248998623284461762e-01 2.237864986997203378e+05
4.756828460010885662e-01 2.436347809262744850e+05
5.325352866431060095e-01 2.667981063848652993e+05
5.961825907831996840e-01 2.939519676469346159e+05
6.674368637494113576e-01 3.253470349208060652e+05
7.472072716958034766e-01 3.625021264367231634e+05
8.365116420730186464e-01 4.054184127945292275e+05
9.364894505584732132e-01 4.553976334023655509e+05
1.048416360152410354e+00 4.761164970740398276e+05
1.173720497950873298e+00 4.423362084530601278e+05
1.314000677278420071e+00 3.857280540447506355e+05
1.471046797685230834e+00 3.141752705653209123e+05
1.646862683101537606e+00 2.206616811107059766e+05
1.843691649551945533e+00 1.180123686180229561e+05
2.064045128659944162e+00 3.929160856857795443e+04
2.310734712163061033e+00 6.208696923761676771e+03
2.586908026309431730e+00 3.115448015341443124e+02
2.896088893873820069e+00 3.222011324306735425e+00
3.242222296238699286e+00 2.994978159253611303e-03
3.629724709232410529e+00 1.318497427335058591e-07
4.063540454982521588e+00 1.133760718947426813e-22
4.549204788803798749e+00 1.339531185625142831e-95
5.092914526075384529e+00 1.450511176277201403e-98
5.701607110268137824e+00 6.577696960030458975e-98
6.383049130987713760e+00 1.097762560447319549e-97
7.145935421475751781e+00 1.372635320218789653e-97
7.999999999999999112e+00 1.584010240463856854e-97
