1.000000000000000048e-04 1.320152685757733835e+01
1.119517533835742479e-04 1.531527920088506356e+01
1.253319508565661560e-04 1.777777456437698689e+01
1.403113165337654315e-04 2.059382161268961298e+01
1.570809790551273150e-04 2.386628261805706330e+01
1.758549102842998967e-04 2.763880934055752903e+01
1.968726554743851728e-04 3.196603808979433126e+01
2.204023897363772532e-04 3.698101053675115679e+01
2.467443398091732258e-04 4.274124889899219681e+01
2.762346147910940491e-04 4.940927881997068738e+01
3.092494947109916204e-04 5.707640712156436535e+01
3.462102316587988135e-04 6.594438752487832289e+01
3.875884247353595844e-04 7.614948028062863727e+01
4.339120374030096196e-04 8.794530294998193654e+01
4.857721340150598292e-04 1.015271765458995077e+02
5.438304214786655833e-04 1.172158297418405226e+02
6.088276922786474291e-04 1.352812397831294220e+02
6.815932765906978054e-04 1.561256207409621766e+02
7.630556240878410895e-04 1.801037694405024183e+02
8.542541504583124048e-04 2.076999694386835813e+02
9.563524997900373125e-04 2.393364802412718007e+02
1.070653392042589984e-03 2.755314542576542181e+02
1.198615245052391453e-03 3.166780920981858571e+02
1.341870783158976253e-03 3.631629491362373301e+02
1.502247869888375048e-03 4.150938479181350544e+02
1.681792830507429200e-03 4.723767304858216107e+02
1.882796562032308229e-03 5.344221618144312060e+02
2.107823763840826516e-03 6.002458873609650709e+02
2.359745661855452287e-03 6.682668694247876147e+02
2.641776643840005375e-03 7.365865859597628287e+02
2.957515273256627365e-03 8.029792813320689220e+02
3.310990204997801487e-03 8.653344508298370101e+02
3.706711588853434450e-03 9.217277429086071834e+02
4.149728616593563631e-03 9.708077584337131611e+02
4.645693946936433998e-03 1.011792873355914026e+03
5.200935830429908278e-03 1.044649460382039024e+03
5.822538854520840738e-03 1.069946714318706654e+03
6.518434339075960919e-03 1.088845557693907267e+03
7.297501535752530522e-03 1.102796272355005385e+03
8.169680922468216741e-03 1.113233494863838359e+03
9.146101038546532516e-03 1.121524416767124876e+03
1.023922047888612720e-02 1.128641244743698735e+03
1.146298685892302785e-02 1.135322370984555391e+03
1.283301477869303216e-02 1.141954550290945008e+03
1.436678505672004530e-02 1.148847877474322559e+03
1.608386777584742272e-02 1.156123331856748337e+03
1.800617198695685789e-02 1.163895843681748147e+03
2.015822525666017412e-02 1.172534434409024698e+03
2.256748662584157766e-02 1.185396334928935858e+03
2.526469697223323804e-02 1.199181118370971717e+03
2.828427124746190832e-02 1.213922722786951454e+03
3.166473759329975490e-02 1.229776880080604769e+03
3.544922894000682861e-02 1.246928624375641220e+03
3.968603335929508230e-02 1.265459698801529612e+03
4.442921019412103545e-02 1.285586934219809564e+03
4.973927982679216681e-02 1.307522485039216008e+03
5.568399588645626258e-02 1.339287820591693844e+03
6.233920974892514372e-02 1.374469146101283513e+03
6.978983835938568081e-02 1.413128649926795788e+03
7.813094772689456458e-02 1.455702622353259585e+03
8.746896591546222954e-02 1.502722701443632786e+03
9.792304100884090257e-02 1.554830377846793454e+03
1.096265613759138391e-01 1.621295887297472746e+03
1.227288576344556098e-01 1.698085550882769212e+03
1.373971080294036917e-01 1.784901575994731047e+03
1.538184715372410971e-01 1.885240820308325283e+03
1.722024759137553429e-01 2.006977828647308570e+03
1.927836911553762467e-01 2.147648820806085041e+03
2.158247224860182500e-01 2.315340482538123979e+03
2.416195610583304343e-01 2.514731650534416076e+03
2.704973351224966849e-01 2.753357551108481857e+03
3.028265095254775718e-01 3.041794329252109492e+03
3.390195871240486714e-01 3.415407747346872839e+03
3.795383720991266085e-01 3.851132040593998227e+03
4.248998623284461762e-01 4.372970925861708565e+03
4.756828460010885662e-01 5.025997538637047001e+03
5.325352866431060095e-01 5.855753665903976071e+03
5.961825907831996840e-01 6.879627686185454877e+03
6.674368637494113576e-01 8.195974826325569666e+03
7.472072716958034766e-01 9.889151367490014309e+03
8.365116420730186464e-01 1.209779864873400584e+04
9.364894505584732132e-01 1.494799160992272300e+04
1.048416360152410354e+00 1.739102764590145671e+04
1.173720497950873298e+00 1.825821927880239309e+04
1.314000677278420071e+00 1.873808739408804468e+04
1.471046797685230834e+00 1.812108385179592005e+04
1.646862683101537606e+00 1.544457679429805103e+04
1.843691649551945533e+00 1.023289859815131240e+04
2.064045128659944162e+00 4.316117817941091744e+03
2.310734712163061033e+00 8.813924349166379670e+02
2.586908026309431730e+00 5.834309536299339527e+01
2.896088893873820069e+00 8.094161164381755702e-01
3.242222296238699286e+00 1.027347969841521397e-03
3.629724709232410529e+00 5.600157426423530676e-08
4.063540454982521588e+00 6.245017026673379881e-23
4.549204788803798749e+00 1.846545961312922358e-95
5.092914526075384529e+00 2.772303374620400587e-107
5.701607110268137824e+00 2.658618123457300294e-107
6.383049130987713760e+00 2.658618123457300294e-107
7.145935421475751781e+00 2.552031151218949676e-107
7.999999999999999112e+00 2.281191471451700192e-107
