1.000000000000000048e-04 3.956361544745440284e+01
1.028626538659982166e-04 4.287761063787999660e+01
1.058072556035615761e-04 4.630401847380412761e+01
1.088361510966035580e-04 4.984690272538193767e+01
1.119517533835742479e-04 5.351050350274211098e+01
1.151565445798619384e-04 5.729919092459551422e+01
1.184530778552273097e-04 6.121751541688367126e+01
1.218439794678438594e-04 6.345489627188859316e+01
1.253319508565661560e-04 6.765511017167736441e+01
1.289197707930926455e-04 7.199957382696565844e+01
1.326102975957372978e-04 7.649352657698268843e+01
1.364064714065734124e-04 8.114240206849223114e+01
1.403113165337654315e-04 8.595182228444734562e+01
1.443279438609522619e-04 9.092762951241938651e+01
1.484595533256035532e-04 9.607585619434451019e+01
1.527094364683226162e-04 9.958120199998899125e+01
1.570809790551273150e-04 1.051017717018559523e+02
1.615776637747967800e-04 1.108142387638278876e+02
1.662030730134355966e-04 1.167255505667446158e+02
1.709608917084625519e-04 1.228429588198995219e+02
1.758549102842998967e-04 1.291739297473648946e+02
1.808890276721010970e-04 1.357262436069296143e+02
1.860672544159232712e-04 1.425079267629864432e+02
1.913937158678174328e-04 1.495273265592474274e+02
1.968726554743851728e-04 1.549745298984239241e+02
2.025084381574160093e-04 1.625041241230244680e+02
2.083055537913018705e-04 1.702982615760633394e+02
2.142686207799975723e-04 1.783665519314860148e+02
2.204023897363772532e-04 1.867189623787481310e+02
2.267117472669183387e-04 1.953658044367242326e+02
2.332017198647269021e-04 2.043177898023107844e+02
2.398774779140088441e-04 2.135859832816455537e+02
2.467443398091732258e-04 2.213585159323490927e+02
2.538077761918523193e-04 2.313026601426330444e+02
2.610734143092127636e-04 2.415987310125249223e+02
2.685470424970289559e-04 2.522594769093941807e+02
2.762346147910940491e-04 2.632981757647119139e+02
2.841422556706366034e-04 2.747285252538960094e+02
2.922762649375266206e-04 2.865647727800774192e+02
3.006431227351558750e-04 2.988216382264165532e+02
3.092494947109916204e-04 3.096866633117816150e+02
3.181022373269157808e-04 3.228398710556140827e+02
3.272084033215818632e-04 3.364611729633909363e+02
3.365752473291382173e-04 3.505675645165176775e+02
3.462102316587988135e-04 3.651766515834478923e+02
3.561210322398608336e-04 3.803066941481186518e+02
3.663155447369079577e-04 3.959765876674442211e+02
3.768018908400718619e-04 4.122059506974445640e+02
3.875884247353595844e-04 4.271833289556975615e+02
3.986837397602079427e-04 4.446020411375841377e+02
4.100966752495598111e-04 4.626433084474161319e+02
4.218363235779214876e-04 4.813297690143448904e+02
4.339120374030096196e-04 5.006847964717962896e+02
4.463334371167585173e-04 5.207326925536810904e+02
4.591104185096246204e-04 5.414985677258787291e+02
4.722531606542909838e-04 5.630085036753874874e+02
4.857721340150598292e-04 5.852894770302325469e+02
4.996781087893840045e-04 6.065428902257513073e+02
5.139821634881900671e-04 6.304596922664062504e+02
5.286956937618265571e-04 6.552345122931227479e+02
5.438304214786655833e-04 6.808984829213517287e+02
5.593984040635989995e-04 7.074838527804309933e+02
5.754120441038579076e-04 7.350240659594919634e+02
5.918840992298164076e-04 7.635537393562998432e+02
6.088276922786474291e-04 7.931087974555567826e+02
6.262563217489299644e-04 8.218964174721141944e+02
6.441838725545339381e-04 8.536239808425793854e+02
6.626246270863539846e-04 8.864925261012556348e+02
6.815932765906978054e-04 9.205434957101859936e+02
7.011049328734052883e-04 9.558197273833241070e+02
7.211751403390100588e-04 9.923657098340909215e+02
7.418198883745427729e-04 1.030227462974168702e+03
7.630556240878410895e-04 1.069452741956931732e+03
7.848992654105084931e-04 1.108257799008161783e+03
8.073682145759741077e-04 1.150369120496846108e+03
8.304803719833739849e-04 1.193997723243240443e+03
8.542541504583124048e-04 1.239198639520910547e+03
8.787084899218574946e-04 1.286028900598120117e+03
9.038628724794601664e-04 1.334547586971607416e+03
9.297373379418169244e-04 1.384815971104643268e+03
9.563524997900373125e-04 1.436897477995417603e+03
9.837295615978474631e-04 1.489021698391603877e+03
1.011890333923895361e-03 1.544938048173141169e+03
1.040857251687631307e-03 1.602872068604668584e+03
1.070653392042589984e-03 1.662896875063400785e+03
1.101302492761338210e-03 1.725088370538722302e+03
1.132828971146705374e-03 1.789525072197887539e+03
1.165257943484384424e-03 1.856288493834420024e+03
1.198615245052391453e-03 1.925463014174030377e+03
1.232927450703327722e-03 1.995297007886440952e+03
1.268221896035839858e-03 2.069568201834725642e+03
1.304526699172145823e-03 2.146522508031169764e+03
1.341870783158976253e-03 2.226257310486555070e+03
1.380283899009778674e-03 2.308873445737904149e+03
1.419796649406532968e-03 2.394475381791948166e+03
1.460440513080082242e-03 2.483171539784863398e+03
1.502247869888375048e-03 2.575074338633778098e+03
1.545252026612610333e-03 2.668458073772346779e+03
1.589487243491852220e-03 2.767136029145314296e+03
1.634988761517220139e-03 2.869382366385794739e+03
1.681792830507429200e-03 2.975326884848458121e+03
1.729936737988030989e-03 3.085103455213300549e+03
1.779458838897368927e-03 3.198851122189264515e+03
1.830398586142911342e-03 3.316714215133270500e+03
1.882796562032308229e-03 3.438842542087293623e+03
1.936694510604209610e-03 3.563545871762738443e+03
1.992135370884596385e-03 3.694682621788364941e+03
2.049163311095141948e-03 3.830565830082396587e+03
2.107823763840826516e-03 3.971368372119935884e+03
2.168163462304844875e-03 4.117268223866631160e+03
2.230230477479675302e-03 4.268450081636657160e+03
2.294074256463917924e-03 4.425106272072182946e+03
2.359745661855452287e-03 4.587436272524713786e+03
2.427297012272282718e-03 4.753798343631688113e+03
2.496782124033354242e-03 4.928108372855804191e+03
2.568256354032547734e-03 5.108731791064592471e+03
2.641776643840005375e-03 5.295899285807658998e+03
2.717401565065928875e-03 5.489847634538047714e+03
2.795191366022987782e-03 5.690821151759379973e+03
2.875208019724493497e-03 5.899074709687622089e+03
2.957515273256627365e-03 6.114875664390719976e+03
3.042178698563999164e-03 6.336647054146910705e+03
3.129265744689015746e-03 6.568376619772858248e+03
3.218845791506713596e-03 6.808499326245436350e+03
3.310990204997801487e-03 7.057324533035931381e+03
3.405772394103993416e-03 7.315165274517507896e+03
3.503267869210911593e-03 7.582341413188414663e+03
3.603554302305151096e-03 7.859189013182585768e+03
3.706711588853434450e-03 8.146066306310442087e+03
3.812821911453151327e-03 8.441478380159240260e+03
3.921969805304996275e-03 8.749506385687598595e+03
4.034242225559842888e-03 9.068668551670292800e+03
4.149728616593563631e-03 9.399374349062980400e+03
4.268520983264918744e-03 9.742042434050621523e+03
4.390713964213296960e-03 1.009708612211279433e+04
4.516404907254772082e-03 1.046492318058879937e+04
4.645693946936433998e-03 1.084416272546455366e+04
4.778684084310855229e-03 1.123903362810133694e+04
4.915481268994222053e-03 1.164812027192208188e+04
5.056194483573503255e-03 1.207185302764478729e+04
5.200935830429908278e-03 1.251080228467617053e+04
5.349820621047796446e-03 1.296554238604974125e+04
5.502967467880191289e-03 1.343653806291496767e+04
5.660498378844094035e-03 1.392425551207450189e+04
5.822538854520840738e-03 1.442748335822062472e+04
5.989217988139029607e-03 1.495063548624440409e+04
6.160668568419559038e-03 1.549227468166589824e+04
6.337027185364758550e-03 1.605289569290969303e+04
6.518434339075960919e-03 1.663323078863511182e+04
6.705034551686074769e-03 1.723405321582153556e+04
6.896976482496431672e-03 1.785574308418912551e+04
7.094413046409604393e-03 1.849880634864880631e+04
7.297501535752530522e-03 1.916214533233801922e+04
7.506403745587029649e-03 1.985033831192357684e+04
7.721286102607511845e-03 2.056188031892576328e+04
7.942319797728596489e-03 2.129718049455067739e+04
8.169680922468216741e-03 2.205694143289480780e+04
8.403550609234972449e-03 2.284209817267603648e+04
8.644115175631362710e-03 2.365300359635447603e+04
8.891566272887911973e-03 2.448796734311205728e+04
9.146101038546532516e-03 2.535114413728482759e+04
9.407922253514586913e-03 2.624186936350473115e+04
9.677238503614930473e-03 2.716041631079232684e+04
9.954264345760530444e-03 2.810632791823635489e+04
1.023922047888612720e-02 2.907990021147928928e+04
1.053233391977304208e-02 3.008242811736328804e+04
1.083383818390727671e-02 3.111383839822201480e+04
1.114397347151489109e-02 3.217153016877631671e+04
1.146298685892302785e-02 3.325881441987055587e+04
1.179113249539885493e-02 3.437490078795389854e+04
1.212867180562336201e-02 3.551992793266405351e+04
1.247587369796127575e-02 3.669265190173976589e+04
1.283301477869303216e-02 3.789111951149303786e+04
1.320037957237941116e-02 3.911607026227622555e+04
1.357826074853456938e-02 4.036690198064150172e+04
1.396695935478781299e-02 4.164506825841835234e+04
1.436678505672004530e-02 4.294377600981694559e+04
1.477805638456589597e-02 4.426527708582445484e+04
1.520110098697808471e-02 4.561161813352258469e+04
1.563625589205610428e-02 4.697757121985125559e+04
1.608386777584742272e-02 4.835807635443384061e+04
1.654429323853476297e-02 4.975510564459767193e+04
1.701789908852975944e-02 5.116903959317921544e+04
1.750506263469923246e-02 5.259684612155265495e+04
1.800617198695685789e-02 5.403197941407693725e+04
1.852162636545978680e-02 5.547506867278811842e+04
1.905183641865636560e-02 5.692645390731345833e+04
1.959722455043869105e-02 5.838126787447514653e+04
2.015822525666017412e-02 5.983860300119204476e+04
2.073528547128658528e-02 6.130030561457022850e+04
2.132886492245613871e-02 6.276414769827835698e+04
2.193943649873238838e-02 6.422585908020099305e+04
2.256748662584157766e-02 6.567923105764055799e+04
2.321351565419486201e-02 6.711954768039165356e+04
2.387803825750377251e-02 6.855066076576997875e+04
2.456158384280673901e-02 6.997229627615882782e+04
2.526469697223323804e-02 7.137622786560103123e+04
2.598793779684163349e-02 7.275976517905191577e+04
2.673188250287613504e-02 7.412516831465483119e+04
2.749712377079881892e-02 7.547507276751533209e+04
2.828427124746190832e-02 7.680273398291027115e+04
2.909395203179679715e-02 7.810137901362101547e+04
2.992681117440669503e-02 7.937504160004232835e+04
3.078351219146086698e-02 8.062501364725883468e+04
3.166473759329975490e-02 8.185020686521197786e+04
3.257118942817253948e-02 8.304340695255466562e+04
3.350358984153972708e-02 8.420483071745058987e+04
3.446268165138675205e-02 8.533995539458912390e+04
3.544922894000682861e-02 8.644601266913487052e+04
3.646401766272449468e-02 8.751518045724915282e+04
3.750785627404478600e-02 8.855238948028147570e+04
3.858157637172678761e-02 8.955953352705581347e+04
3.968603335929508230e-02 9.053536176968866494e+04
4.082210712751628556e-02 9.147895936207872001e+04
4.199070275538406560e-02 9.238624420007376466e+04
4.319275123117088250e-02 9.325980733787674399e+04
4.442921019412103545e-02 9.410294859724394337e+04
4.570106469737551802e-02 9.491752980133584060e+04
4.700932799273728480e-02 9.569676872420933796e+04
4.835504233790115930e-02 9.644519973465184739e+04
4.973927982679216681e-02 9.716749608090530091e+04
5.116314324367349925e-02 9.795907144196543959e+04
5.262776694170478303e-02 9.875112250245742325e+04
5.413431774665002777e-02 9.952745972574461484e+04
5.568399588645626258e-02 1.002883348073322268e+05
5.727803594744219212e-02 1.010353210950208450e+05
5.891770785785949149e-02 1.017687921129608003e+05
6.060431789961004401e-02 1.024894713293292443e+05
6.233920974892514372e-02 1.031977883592561411e+05
6.412376554683549279e-02 1.038996191165234486e+05
6.595940700028561643e-02 1.045934182285676943e+05
6.784759651476877929e-02 1.052799578265029995e+05
6.978983835938568081e-02 1.059613439813098084e+05
7.178767986525454170e-02 1.066359955451878486e+05
7.384271265822768548e-02 1.073024511105949205e+05
7.595657392689647569e-02 1.079694006117094832e+05
7.813094772689456458e-02 1.086352966911489202e+05
8.036756632253956589e-02 1.093028924383872072e+05
8.266821156688042294e-02 1.099724289987908560e+05
8.503471632125131352e-02 1.106429664899988129e+05
8.746896591546222954e-02 1.113201079888196546e+05
8.997289964978996690e-02 1.120021966261205380e+05
9.254851233996537474e-02 1.126905281755814067e+05
9.519785590638922546e-02 1.133852751032813685e+05
9.792304100884090257e-02 1.140786133611522964e+05
1.007262387279835025e-01 1.148290635557211353e+05
1.036096822950047097e-01 1.157163014222491911e+05
1.065756688707712452e-01 1.166199248778262991e+05
1.096265613759138391e-01 1.175431309299844288e+05
1.127647903733023510e-01 1.184821053597760329e+05
1.159928560044084789e-01 1.194442205648911622e+05
1.193133299811004189e-01 1.204268110993505834e+05
1.227288576344556098e-01 1.214315935834384436e+05
1.262421600222239371e-01 1.224552309665099456e+05
1.298560360966197758e-01 1.234908596092009684e+05
1.335733649341717122e-01 1.245503327877987904e+05
1.373971080294036917e-01 1.256340995404705609e+05
1.413303116541771431e-01 1.267417868489880348e+05
1.453761092845727854e-01 1.278769736545333872e+05
1.495377240972454169e-01 1.290362481389887107e+05
1.538184715372410971e-01 1.303463734795093769e+05
1.582217619593213054e-01 1.316983391551827081e+05
1.627511033449003108e-01 1.330704125372713315e+05
1.674101040967578558e-01 1.344791404436379380e+05
1.722024759137553429e-01 1.359319002429695101e+05
1.771320367478451119e-01 1.374279767432607769e+05
1.822027138457288642e-01 1.389678777883142466e+05
1.874185468775872998e-01 1.405392706646990264e+05
1.927836911553762467e-01 1.421554245219599688e+05
1.983024209432496798e-01 1.438169642908741953e+05
2.039791328627496847e-01 1.455928045339309028e+05
2.098183493954748347e-01 1.474539250529198325e+05
2.158247224860182500e-01 1.493798123909165733e+05
2.220030372480441827e-01 1.513386171100802894e+05
2.283582157764587894e-01 1.533663345122493920e+05
2.348953210687081405e-01 1.554639682887845556e+05
2.416195610583304343e-01 1.576392890950631117e+05
2.485362927639746533e-01 1.598768020240299229e+05
2.556510265571914631e-01 1.621980644765917095e+05
2.629694305523950781e-01 1.646119277382754663e+05
2.704973351224966849e-01 1.671263451278474822e+05
2.782407375438030184e-01 1.697411394660272636e+05
2.862058067738826317e-01 1.724170946343827527e+05
2.943988883662065903e-01 1.751989006983924191e+05
3.028265095254775718e-01 1.780875361619520991e+05
3.114953843076764262e-01 1.810674546591796388e+05
3.204124189689661617e-01 1.841456364644447458e+05
3.295847174677196678e-01 1.873611179139138840e+05
3.390195871240486714e-01 1.907285981703074067e+05
3.487245444413464290e-01 1.942266268779574020e+05
3.587073210944812796e-01 1.977597686801152013e+05
3.689758700894115173e-01 2.014547748850085190e+05
3.795383720991266085e-01 2.053383997876429930e+05
3.904032419809689292e-01 2.093631021015767474e+05
4.015791354805195446e-01 2.135726672451537161e+05
4.130749561273948656e-01 2.178291130758747458e+05
4.248998623284461762e-01 2.222683507477535168e+05
4.370632746640129573e-01 2.269577719084492419e+05
4.495748833930407473e-01 2.319275607650057937e+05
4.624446561730486405e-01 2.368114216653829790e+05
4.756828460010885662e-01 2.419885742620537640e+05
4.892999993820290605e-01 2.474861861659676651e+05
5.033069647306680494e-01 2.531709799430989951e+05
5.177149010143692331e-01 2.589058563583894284e+05
5.325352866431060095e-01 2.649972326988557470e+05
5.477799286139994894e-01 2.714555607008251827e+05
5.634609719176304488e-01 2.779177864380925312e+05
5.795909092136216634e-01 2.846939148715671035e+05
5.961825907831996840e-01 2.919687034127892694e+05
6.132492347666632648e-01 2.992416023483637255e+05
6.308044376939162534e-01 3.068665473805365036e+05
6.488621853164494580e-01 3.151112998704037745e+05
6.674368637494113576e-01 3.231610829214320402e+05
6.865432709326311222e-01 3.318660860711528221e+05
7.061966284197347399e-01 3.409267704518208629e+05
7.264125935047412996e-01 3.501365727372067049e+05
7.472072716958034766e-01 3.600656845866413787e+05
7.685972295460231640e-01 3.699461474134674645e+05
7.905995078515776209e-01 3.805304366639900836e+05
8.132316352276537375e-01 3.913883786098537385e+05
8.365116420730186464e-01 4.027014956191590754e+05
8.604580749343471169e-01 4.145270093055564212e+05
8.850900112817500220e-01 4.266330282638887875e+05
9.104270747072710224e-01 4.393595140813635080e+05
9.364894505584732132e-01 4.523544954139429610e+05
9.632979020195509001e-01 4.659198595850964193e+05
9.908737866527932425e-01 4.798953454726291238e+05
1.019239073413572338e+00 4.801280116599486209e+05
1.048416360152410354e+00 4.729314216471636901e+05
1.078428891618071095e+00 4.655665046197183547e+05
1.109300577976017665e+00 4.576288755473824567e+05
1.141056013856990958e+00 4.486658158746478730e+05
1.173720497950873298e+00 4.393837444647626253e+05
1.207320053161477613e+00 4.256577483947008732e+05
1.241881447338276434e+00 4.108551492502040928e+05
1.277432214601620153e+00 3.976596018127980642e+05
1.314000677278420071e+00 3.831524905214018072e+05
1.351615968465773587e+00 3.669562201232888619e+05
1.390308055240508267e+00 3.508004963203928783e+05
1.430107762533135318e+00 3.315911782724275836e+05
1.471046797685230834e+00 3.120794473590548150e+05
1.513157775709810027e+00 2.913883967319604708e+05
1.556474245274819479e+00 2.679660274477335042e+05
1.601030715430445728e+00 2.460718061547296529e+05
1.646862683101537606e+00 2.191869905220459623e+05
1.694006661367025934e+00 1.952784423046661832e+05
1.742500208548916296e+00 1.677060015822839050e+05
1.792381958133969055e+00 1.435423716363358544e+05
1.843691649551945533e+00 1.172237559922056244e+05
1.896470159834930724e+00 9.547904907189279038e+04
1.950759536182947951e+00 7.285559857397216547e+04
2.006603029461818011e+00 5.531867698090929480e+04
2.064045128659944162e+00 3.902853031511406152e+04
2.123131596331476079e+00 2.675123637409213916e+04
2.183909505054088651e+00 1.749979142317946753e+04
2.246427274930422158e+00 1.050046697379426951e+04
2.310734712163061033e+00 6.167034586703575769e+03
2.376883048733759551e+00 3.261965728519972345e+03
2.444924983218592640e+00 1.581894051327154102e+03
2.514914722771456113e+00 7.378447745120423633e+02
2.586908026309431730e+00 3.094486962878845020e+02
2.660962248934396701e+00 1.113243381967732120e+02
2.737136387626270206e+00 3.711032036117139654e+01
2.815491128244298036e+00 1.150676713126987138e+01
2.896088893873820069e+00 3.200322674830049063e+00
2.978993894557043998e+00 6.916898573493743818e-01
3.064272178447432271e+00 1.307699636215964578e-01
3.151991684428465224e+00 2.137695897156990932e-02
3.242222296238699286e+00 2.973001393880498819e-03
3.335035898146239575e+00 3.443629137260772978e-04
3.430506432216950952e+00 3.208521547739050337e-05
3.528709957222126992e+00 2.320307796384029441e-06
3.629724709232410529e+00 1.311494613007246848e-07
3.733631163946344866e+00 4.481379389308610245e-09
3.840512100803168849e+00 2.100087383363649073e-11
3.950452668930940270e+00 1.067927292257786249e-15
4.063540454982521588e+00 1.342101197041101171e-22
4.179865552913480720e+00 3.633469762962831531e-33
4.299520635757485998e+00 5.377468205134526845e-48
4.422601029456388666e+00 2.820827138979919441e-68
4.549204788803798749e+00 2.228851130661001957e-95
4.679432775562676561e+00 2.281191471451700192e-107
4.813388738819109669e+00 1.970723035751066212e-107
4.951179397636437329e+00 1.829871416669664915e-107
5.092914526075384529e+00 1.641876651808826384e-107
5.238707040648066027e+00 1.457921357454034346e-107
5.388673090275498900e+00 1.302987706309310244e-107
5.542932148820276517e+00 1.110859900142155468e-107
5.701607110268137824e+00 1.023696409566594589e-107
5.864824386634258424e+00 8.653565615504132165e-108
6.032714008672249939e+00 7.935218067295164394e-108
6.205409729466122570e+00 1.319618872142731689e-99
6.383049130987713760e+00 3.876462248748417719e-99
6.565773733704499016e+00 8.521184357041880252e-99
6.753729109325100843e+00 1.392361854021175704e-98
6.947064996772242651e+00 2.072993041203366023e-98
7.145935421475751781e+00 2.634225703282882655e-98
7.350498818080363428e+00 3.338281058541694868e-98
7.560918156666295076e+00 3.657693035103509107e-98
7.777361072583063972e+00 4.237931888464018594e-98
7.999999999999999112e+00 4.604853654061448261e-98
