1.000000000000000048e-04 4.579424007076760006e+01
1.119517533835742479e-04 5.509299143469016258e+01
1.253319508565661560e-04 6.526761314044316009e+01
1.403113165337654315e-04 7.756426614839602962e+01
1.570809790551273150e-04 9.119281846417527504e+01
1.758549102842998967e-04 1.074732860036569946e+02
1.968726554743851728e-04 1.256930224487717140e+02
2.204023897363772532e-04 1.472685697789358130e+02
2.467443398091732258e-04 1.715918357069530202e+02
2.762346147910940491e-04 2.002062802307449090e+02
3.092494947109916204e-04 2.326441554848699695e+02
3.462102316587988135e-04 2.706164959164892707e+02
3.875884247353595844e-04 3.138433728961599058e+02
4.339120374030096196e-04 3.642576525255921638e+02
4.857721340150598292e-04 4.218303333286529551e+02
5.438304214786655833e-04 4.887885574192863487e+02
6.088276922786474291e-04 5.659594459900539505e+02
6.815932765906978054e-04 6.543976479104504733e+02
7.630556240878410895e-04 7.569418025213316241e+02
8.542541504583124048e-04 8.746429094007260119e+02
9.563524997900373125e-04 1.010940024881144609e+03
1.070653392042589984e-03 1.167573530316564074e+03
1.198615245052391453e-03 1.348782107616907069e+03
1.341870783158976253e-03 1.557224801924980966e+03
1.502247869888375048e-03 1.798201998215018421e+03
1.681792830507429200e-03 2.075588316043800205e+03
1.882796562032308229e-03 2.396076318931115566e+03
2.107823763840826516e-03 2.765112325073435386e+03
2.359745661855452287e-03 3.191145838987436036e+03
2.641776643840005375e-03 3.681530902101476840e+03
2.957515273256627365e-03 4.246182656260051772e+03
3.310990204997801487e-03 4.895958771700744364e+03
3.706711588853434450e-03 5.640774456090934109e+03
4.149728616593563631e-03 6.492809626049811413e+03
4.645693946936433998e-03 7.461320768702421447e+03
5.200935830429908278e-03 8.555495623255057581e+03
5.822538854520840738e-03 9.778167656169194743e+03
6.518434339075960919e-03 1.112770135084660797e+04
7.297501535752530522e-03 1.259117572638456113e+04
8.169680922468216741e-03 1.414667927854513255e+04
9.146101038546532516e-03 1.575929963464811226e+04
1.023922047888612720e-02 1.738695168553393523e+04
1.146298685892302785e-02 1.898046716781340365e+04
1.283301477869303216e-02 2.049249735296989456e+04
1.436678505672004530e-02 2.187957991273066727e+04
1.608386777584742272e-02 2.311129223650284985e+04
1.800617198695685789e-02 2.416733942835951530e+04
2.015822525666017412e-02 2.504747695443774865e+04
2.256748662584157766e-02 2.582314653388890656e+04
2.526469697223323804e-02 2.646900533259017902e+04
2.828427124746190832e-02 2.701430299012165779e+04
3.166473759329975490e-02 2.748845474974042372e+04
3.544922894000682861e-02 2.792110862513519533e+04
3.968603335929508230e-02 2.833777048475651100e+04
4.442921019412103545e-02 2.875328712596882178e+04
4.973927982679216681e-02 2.918495952424720963e+04
5.568399588645626258e-02 2.981891306148391232e+04
6.233920974892514372e-02 3.051175539298906369e+04
6.978983835938568081e-02 3.125952105301508709e+04
7.813094772689456458e-02 3.206678058401075759e+04
8.746896591546222954e-02 3.294770538800595386e+04
9.792304100884090257e-02 3.391904705863443814e+04
1.096265613759138391e-01 3.518407354610492621e+04
1.227288576344556098e-01 3.663458662346516212e+04
1.373971080294036917e-01 3.822762279829073668e+04
1.538184715372410971e-01 4.004204576906893635e+04
1.722024759137553429e-01 4.221964759902237711e+04
1.927836911553762467e-01 4.470345962591691205e+04
2.158247224860182500e-01 4.762758019741646422e+04
2.416195610583304343e-01 5.103863166181204724e+04
2.704973351224966849e-01 5.496790933826864057e+04
3.028265095254775718e-01 5.969511919627450698e+04
3.390195871240486714e-01 6.528007811485220009e+04
3.795383720991266085e-01 7.185745712626789464e+04
4.248998623284461762e-01 7.971223462993893190e+04
4.756828460010885662e-01 8.910489643512957264e+04
5.325352866431060095e-01 1.004171842096767359e+05
5.961825907831996840e-01 1.141533054837559030e+05
6.674368637494113576e-01 1.305820205573139683e+05
7.472072716958034766e-01 1.506700279686360445e+05
8.365116420730186464e-01 1.748259134761894820e+05
9.364894505584732132e-01 2.042877717188173265e+05
1.048416360152410354e+00 2.231125160931871505e+05
1.173720497950873298e+00 2.178711889749129477e+05
1.314000677278420071e+00 2.061924981365492567e+05
1.471046797685230834e+00 1.827155984029282990e+05
1.646862683101537606e+00 1.414119060692508356e+05
1.843691649551945533e+00 8.439682328248614795e+04
2.064045128659944162e+00 3.176203390591187417e+04
2.310734712163061033e+00 5.744388061778442534e+03
2.586908026309431730e+00 3.255911356532611194e+02
2.896088893873820069e+00 3.803785978339557783e+00
3.242222296238699286e+00 3.984707769002957325e-03
3.629724709232410529e+00 1.899435440956360650e-07
4.063540454982521588e+00 2.226440325741578591e-22
4.549204788803798749e+00 2.690537697683844770e-95
5.092914526075384529e+00 3.728243852264419643e-107
5.701607110268137824e+00 2.722231221677112808e-107
6.383049130987713760e+00 1.893507600186091160e-107
7.145935421475751781e+00 1.293150407814419432e-107
7.999999999999999112e+00 8.248333249194788612e-108
