1.000000000000000048e-04 2.875549138993260101e+01
1.119517533835742479e-04 3.373750417970237692e+01
1.253319508565661560e-04 3.935053819599908564e+01
1.403113165337654315e-04 4.596004695560249331e+01
1.570809790551273150e-04 5.344906821204986613e+01
1.758549102842998967e-04 6.222209074538510976e+01
1.968726554743851728e-04 7.220531884356655894e+01
2.204023897363772532e-04 8.385476678658226035e+01
2.467443398091732258e-04 9.715444336499271571e+01
2.762346147910940491e-04 1.126285894285708054e+02
3.092494947109916204e-04 1.304637038937416946e+02
3.462102316587988135e-04 1.508989356300088218e+02
3.875884247353595844e-04 1.745999424016710009e+02
4.339120374030096196e-04 2.018002638952870313e+02
4.857721340150598292e-04 2.333045134256776976e+02
5.438304214786655833e-04 2.695055733991281386e+02
6.088276922786474291e-04 3.113931434797419797e+02
6.815932765906978054e-04 3.595726623586620008e+02
7.630556240878410895e-04 4.152798562853957947e+02
8.542541504583124048e-04 4.794020516566577612e+02
9.563524997900373125e-04 5.534986103897384737e+02
1.070653392042589984e-03 6.388235027191545896e+02
1.198615245052391453e-03 7.373475742130526669e+02
1.341870783158976253e-03 8.507753322683465740e+02
1.502247869888375048e-03 9.815543490733465433e+02
1.681792830507429200e-03 1.131859583000927387e+03
1.882796562032308229e-03 1.304546988251421681e+03
2.107823763840826516e-03 1.502039879445144152e+03
2.359745661855452287e-03 1.727134362897224264e+03
2.641776643840005375e-03 1.981670688446696431e+03
2.957515273256627365e-03 2.267067288705207829e+03
3.310990204997801487e-03 2.582751564475163832e+03
3.706711588853434450e-03 2.926509396836507676e+03
4.149728616593563631e-03 3.292955875333140739e+03
4.645693946936433998e-03 3.674215100544642610e+03
5.200935830429908278e-03 4.059829865225576214e+03
5.822538854520840738e-03 4.437518873293050092e+03
6.518434339075960919e-03 4.795331684678638339e+03
7.297501535752530522e-03 5.122013353915490370e+03
8.169680922468216741e-03 5.409623041254375494e+03
9.146101038546532516e-03 5.653121548414218523e+03
1.023922047888612720e-02 5.851877412219088001e+03
1.146298685892302785e-02 6.008488917865907752e+03
1.283301477869303216e-02 6.128999325959573071e+03
1.436678505672004530e-02 6.221036383885924806e+03
1.608386777584742272e-02 6.293198211720331528e+03
1.800617198695685789e-02 6.353619886051006688e+03
2.015822525666017412e-02 6.409353300052118357e+03
2.256748662584157766e-02 6.483136591013941143e+03
2.526469697223323804e-02 6.559930860093714728e+03
2.828427124746190832e-02 6.640927449109354711e+03
3.166473759329975490e-02 6.727420576600537061e+03
3.544922894000682861e-02 6.820360949250173690e+03
3.968603335929508230e-02 6.920748522859415971e+03
4.442921019412103545e-02 7.029651174297669968e+03
4.973927982679216681e-02 7.144659311643631554e+03
5.568399588645626258e-02 7.312142030416965099e+03
6.233920974892514372e-02 7.497257271678992765e+03
6.978983835938568081e-02 7.699395825680340749e+03
7.813094772689456458e-02 7.918779308596527699e+03
8.746896591546222954e-02 8.158372444367969365e+03
9.792304100884090257e-02 8.422363832663055291e+03
1.096265613759138391e-01 8.776425596023625985e+03
1.227288576344556098e-01 9.188082343605272399e+03
1.373971080294036917e-01 9.629603797199615656e+03
1.538184715372410971e-01 1.012366836432236596e+04
1.722024759137553429e-01 1.075105719362115997e+04
1.927836911553762467e-01 1.147085484253497270e+04
2.158247224860182500e-01 1.230477766865264857e+04
2.416195610583304343e-01 1.327887869799873806e+04
2.704973351224966849e-01 1.446969251452791832e+04
3.028265095254775718e-01 1.588126456541111656e+04
3.390195871240486714e-01 1.755568344355104273e+04
3.795383720991266085e-01 1.959811983174727357e+04
4.248998623284461762e-01 2.209277927378604363e+04
4.756828460010885662e-01 2.509683899177708008e+04
5.325352866431060095e-01 2.885601108905184083e+04
5.961825907831996840e-01 3.352066959997198865e+04
6.674368637494113576e-01 3.927027663611243042e+04
7.472072716958034766e-01 4.659236869347607717e+04
8.365116420730186464e-01 5.579296836781736783e+04
9.364894505584732132e-01 6.746524704424440279e+04
1.048416360152410354e+00 7.658608133478986565e+04
1.173720497950873298e+00 7.807946824762169854e+04
1.314000677278420071e+00 7.741886000377261371e+04
1.471046797685230834e+00 7.214125801845383830e+04
1.646862683101537606e+00 5.887414072838093125e+04
1.843691649551945533e+00 3.713172156666422961e+04
2.064045128659944162e+00 1.481882457228047315e+04
2.310734712163061033e+00 2.849607340537043001e+03
2.586908026309431730e+00 1.766657895403223506e+02
2.896088893873820069e+00 2.287115892943445861e+00
3.242222296238699286e+00 2.699235981150722215e-03
3.629724709232410529e+00 1.410744497033098235e-07
4.063540454982521588e+00 1.639214256876405935e-22
4.549204788803798749e+00 2.064919470773501386e-95
5.092914526075384529e+00 4.752035635462055305e-107
5.701607110268137824e+00 4.142650691496351025e-107
6.383049130987713760e+00 3.242714661519189374e-107
7.145935421475751781e+00 2.528606977474837469e-107
7.999999999999999112e+00 1.888987447960654544e-107
