1.000000000000000048e-04 1.156325797462997684e+01
1.119517533835742479e-04 1.338084448631531487e+01
1.253319508565661560e-04 1.547005805949788204e+01
1.403113165337654315e-04 1.788730624068863406e+01
1.570809790551273150e-04 2.066805371220325682e+01
1.758549102842998967e-04 2.388274153558417368e+01
1.968726554743851728e-04 2.758276124929645334e+01
2.204023897363772532e-04 3.185668498437024709e+01
2.467443398091732258e-04 3.678297114355538611e+01
2.762346147910940491e-04 4.245183505510920696e+01
3.092494947109916204e-04 4.898572725469539080e+01
3.462102316587988135e-04 5.649131442546395476e+01
3.875884247353595844e-04 6.511164402205983492e+01
4.339120374030096196e-04 7.496682020900399834e+01
4.857721340150598292e-04 8.619959033708387608e+01
5.438304214786655833e-04 9.890658650265130802e+01
6.088276922786474291e-04 1.131725063775819820e+02
6.815932765906978054e-04 1.289902283588218950e+02
7.630556240878410895e-04 1.462918089330138969e+02
8.542541504583124048e-04 1.648736034828651214e+02
9.563524997900373125e-04 1.844542515925864450e+02
1.070653392042589984e-03 2.046408949675962390e+02
1.198615245052391453e-03 2.250314615922742689e+02
1.341870783158976253e-03 2.451971983369353438e+02
1.502247869888375048e-03 2.647651543941079808e+02
1.681792830507429200e-03 2.833334831708053230e+02
1.882796562032308229e-03 3.005107736055816758e+02
2.107823763840826516e-03 3.158493501155313083e+02
2.359745661855452287e-03 3.289822687035751301e+02
2.641776643840005375e-03 3.396483167756822468e+02
2.957515273256627365e-03 3.478610679669818637e+02
3.310990204997801487e-03 3.538405386464312414e+02
3.706711588853434450e-03 3.580367563512716060e+02
4.149728616593563631e-03 3.609129654413549702e+02
4.645693946936433998e-03 3.629463615325839214e+02
5.200935830429908278e-03 3.644616480161564596e+02
5.822538854520840738e-03 3.657215021186062245e+02
6.518434339075960919e-03 3.668394165751483342e+02
7.297501535752530522e-03 3.679118865485060041e+02
8.169680922468216741e-03 3.689503191329797005e+02
9.146101038546532516e-03 3.699920694929375031e+02
1.023922047888612720e-02 3.710303731977531925e+02
1.146298685892302785e-02 3.720710484107389675e+02
1.283301477869303216e-02 3.730989326260062739e+02
1.436678505672004530e-02 3.741280161073851218e+02
1.608386777584742272e-02 3.751604428557575375e+02
1.800617198695685789e-02 3.761873663614196630e+02
2.015822525666017412e-02 3.773009911501532088e+02
2.256748662584157766e-02 3.796751137262533575e+02
2.526469697223323804e-02 3.820801217430883412e+02
2.828427124746190832e-02 3.845415925323026158e+02
3.166473759329975490e-02 3.870413629767405155e+02
3.544922894000682861e-02 3.896078204445493611e+02
3.968603335929508230e-02 3.923188680329698741e+02
4.442921019412103545e-02 3.951706414629177857e+02
4.973927982679216681e-02 3.981565009203051773e+02
5.568399588645626258e-02 4.038407143985752441e+02
6.233920974892514372e-02 4.100192118133525128e+02
6.978983835938568081e-02 4.167485143409797956e+02
7.813094772689456458e-02 4.240860370822776986e+02
8.746896591546222954e-02 4.320486200101304348e+02
9.792304100884090257e-02 4.407170219450253512e+02
1.096265613759138391e-01 4.527693998318630975e+02
1.227288576344556098e-01 4.668753827256075510e+02
1.373971080294036917e-01 4.827637921171551056e+02
1.538184715372410971e-01 5.012829259085893909e+02
1.722024759137553429e-01 5.244789398747551559e+02
1.927836911553762467e-01 5.515289792601404315e+02
2.158247224860182500e-01 5.843514401514947849e+02
2.416195610583304343e-01 6.241547324110619002e+02
2.704973351224966849e-01 6.725994938512346835e+02
3.028265095254775718e-01 7.322451082270301868e+02
3.390195871240486714e-01 8.058552387236835557e+02
3.795383720991266085e-01 8.974317235809768363e+02
4.248998623284461762e-01 1.012479214331679259e+03
4.756828460010885662e-01 1.158095883267283170e+03
5.325352866431060095e-01 1.344041974419876624e+03
5.961825907831996840e-01 1.583397594738855560e+03
6.674368637494113576e-01 1.890857731789165655e+03
7.472072716958034766e-01 2.294743746838051720e+03
8.365116420730186464e-01 2.824159121011040497e+03
9.364894505584732132e-01 3.527237765450094685e+03
1.048416360152410354e+00 4.194669450721427893e+03
1.173720497950873298e+00 4.457118164739205895e+03
1.314000677278420071e+00 4.641910021728574065e+03
1.471046797685230834e+00 4.574544102669879067e+03
1.646862683101537606e+00 3.976442770603542158e+03
1.843691649551945533e+00 2.699323571614668708e+03
2.064045128659944162e+00 1.169627370784169216e+03
2.310734712163061033e+00 2.465812027968709970e+02
2.586908026309431730e+00 1.690792216786692848e+01
2.896088893873820069e+00 2.446852456843505441e-01
3.242222296238699286e+00 3.252992786833360959e-04
3.629724709232410529e+00 1.848103912043461302e-08
4.063540454982521588e+00 1.836820715956608966e-23
4.549204788803798749e+00 3.750920076274761853e-96
5.092914526075384529e+00 1.003849271774623506e-107
5.701607110268137824e+00 1.089691019955716515e-107
6.383049130987713760e+00 1.125311857409173229e-107
7.145935421475751781e+00 1.219242542668125475e-107
7.999999999999999112e+00 1.219242542668125475e-107
