1.000000000000000048e-04 1.838333604512710195e+01
1.028626538659982166e-04 2.284998337911187960e+01
1.058072556035615761e-04 2.746268561852777879e+01
1.088361510966035580e-04 3.222673538659551440e+01
1.119517533835742479e-04 3.714763567603299066e+01
1.151565445798619384e-04 4.223107537090371011e+01
1.184530778552273097e-04 4.748296583748165034e+01
1.218439794678438594e-04 4.921832962186024929e+01
1.253319508565661560e-04 5.484264880153836685e+01
1.289197707930926455e-04 6.065440936920470705e+01
1.326102975957372978e-04 6.666042666408975492e+01
1.364064714065734124e-04 7.286776795957456443e+01
1.403113165337654315e-04 7.928375006323909702e+01
1.443279438609522619e-04 8.591597084886339530e+01
1.484595533256035532e-04 9.277228408183547970e+01
1.527094364683226162e-04 9.615698384673599719e+01
1.570809790551273150e-04 1.035034727603590596e+02
1.615776637747967800e-04 1.110993753486999083e+02
1.662030730134355966e-04 1.189537409874192520e+02
1.709608917084625519e-04 1.270760003026108080e+02
1.758549102842998967e-04 1.354758770493595819e+02
1.808890276721010970e-04 1.441634927177202314e+02
1.860672544159232712e-04 1.531492987585501453e+02
1.913937158678174328e-04 1.624441576795001936e+02
1.968726554743851728e-04 1.683616557956474082e+02
2.025084381574160093e-04 1.783261335743548841e+02
2.083055537913018705e-04 1.886345644326790136e+02
2.142686207799975723e-04 1.992994584069558925e+02
2.204023897363772532e-04 2.103337894269893695e+02
2.267117472669183387e-04 2.217509829496821681e+02
2.332017198647269021e-04 2.335649812107598393e+02
2.398774779140088441e-04 2.457901919932236297e+02
2.467443398091732258e-04 2.547341618802083474e+02
2.538077761918523193e-04 2.678447957171399025e+02
2.610734143092127636e-04 2.814131140284093249e+02
2.685470424970289559e-04 2.954557181584783621e+02
2.762346147910940491e-04 3.099898895339467231e+02
2.841422556706366034e-04 3.250334640193226505e+02
2.922762649375266206e-04 3.406049866683350160e+02
3.006431227351558750e-04 3.567236226340802432e+02
3.092494947109916204e-04 3.696930234511517028e+02
3.181022373269157808e-04 3.869840049949200420e+02
3.272084033215818632e-04 4.048838790321578358e+02
3.365752473291382173e-04 4.234147703619076992e+02
3.462102316587988135e-04 4.425995993332475678e+02
3.561210322398608336e-04 4.624621360303600568e+02
3.663155447369079577e-04 4.830269791563123363e+02
3.768018908400718619e-04 5.043196651101648058e+02
3.875884247353595844e-04 5.226423169626058325e+02
3.986837397602079427e-04 5.454887726468733717e+02
4.100966752495598111e-04 5.691451643529654802e+02
4.218363235779214876e-04 5.936409556730575332e+02
4.339120374030096196e-04 6.190065735552032038e+02
4.463334371167585173e-04 6.452736466080986020e+02
4.591104185096246204e-04 6.724748596420442937e+02
4.722531606542909838e-04 7.006441567495782010e+02
4.857721340150598292e-04 7.260849855491343305e+02
4.996781087893840045e-04 7.563150613461598368e+02
5.139821634881900671e-04 7.876224001020209471e+02
5.286956937618265571e-04 8.200461014914185398e+02
5.438304214786655833e-04 8.536266801543300744e+02
5.593984040635989995e-04 8.884061023557659382e+02
5.754120441038579076e-04 9.244278863499420140e+02
5.918840992298164076e-04 9.617370759345886881e+02
6.088276922786474291e-04 1.000380413135837216e+03
6.262563217489299644e-04 1.036685777208379022e+03
6.441838725545339381e-04 1.078162281392220166e+03
6.626246270863539846e-04 1.121123300727268997e+03
6.815932765906978054e-04 1.165622747458241292e+03
7.011049328734052883e-04 1.211716350448091589e+03
7.211751403390100588e-04 1.259461978237588710e+03
7.418198883745427729e-04 1.308919488041686918e+03
7.630556240878410895e-04 1.360150992827771915e+03
7.848992654105084931e-04 1.409493978256359924e+03
8.073682145759741077e-04 1.464486770258313982e+03
8.304803719833739849e-04 1.521453481409523192e+03
8.542541504583124048e-04 1.580465673827610317e+03
8.787084899218574946e-04 1.641597505519818696e+03
9.038628724794601664e-04 1.704925787412751333e+03
9.297373379418169244e-04 1.770530168108515454e+03
9.563524997900373125e-04 1.838493102641051337e+03
9.837295615978474631e-04 1.905167354967718893e+03
1.011890333923895361e-03 1.978125090262950607e+03
1.040857251687631307e-03 2.053707196358003785e+03
1.070653392042589984e-03 2.132008688334429280e+03
1.101302492761338210e-03 2.213128194923180217e+03
1.132828971146705374e-03 2.297167738468276639e+03
1.165257943484384424e-03 2.384233203032595156e+03
1.198615245052391453e-03 2.474434171917302137e+03
1.232927450703327722e-03 2.564145876713871985e+03
1.268221896035839858e-03 2.660980992307162069e+03
1.304526699172145823e-03 2.761304842565668423e+03
1.341870783158976253e-03 2.865243821678659970e+03
1.380283899009778674e-03 2.972928866277229190e+03
1.419796649406532968e-03 3.084495685866584608e+03
1.460440513080082242e-03 3.200084871147949343e+03
1.502247869888375048e-03 3.319842200951116411e+03
1.545252026612610333e-03 3.440174816711465155e+03
1.589487243491852220e-03 3.568744960110520424e+03
1.634988761517220139e-03 3.701952553738148254e+03
1.681792830507429200e-03 3.839965743444493000e+03
1.729936737988030989e-03 3.982958414267955504e+03
1.779458838897368927e-03 4.131111007555745346e+03
1.830398586142911342e-03 4.284610274318912161e+03
1.882796562032308229e-03 4.443650077036134462e+03
1.936694510604209610e-03 4.604682163911584212e+03
1.992135370884596385e-03 4.775430291607959589e+03
2.049163311095141948e-03 4.952342675906127624e+03
2.107823763840826516e-03 5.135642774862370061e+03
2.168163462304844875e-03 5.325561868226238403e+03
2.230230477479675302e-03 5.522339424461739327e+03
2.294074256463917924e-03 5.726223871413141751e+03
2.359745661855452287e-03 5.937472823025536854e+03
2.427297012272282718e-03 6.152599448595676222e+03
2.496782124033354242e-03 6.379405128515775687e+03
2.568256354032547734e-03 6.614404259832727803e+03
2.641776643840005375e-03 6.857893800702188855e+03
2.717401565065928875e-03 7.110181482309041712e+03
2.795191366022987782e-03 7.371585199100121827e+03
2.875208019724493497e-03 7.642434830068727933e+03
2.957515273256627365e-03 7.923072677092745835e+03
3.042178698563999164e-03 8.210096130157051448e+03
3.129265744689015746e-03 8.511405691809444761e+03
3.218845791506713596e-03 8.823603847078251420e+03
3.310990204997801487e-03 9.147086217088559351e+03
3.405772394103993416e-03 9.482262871638096840e+03
3.503267869210911593e-03 9.829555183112803206e+03
3.603554302305151096e-03 1.018939736593387897e+04
3.706711588853434450e-03 1.056224752464949961e+04
3.812821911453151327e-03 1.094481726815969705e+04
3.921969805304996275e-03 1.134513149404938667e+04
4.034242225559842888e-03 1.175990870118973180e+04
4.149728616593563631e-03 1.218967788294608908e+04
4.268520983264918744e-03 1.263498630011492060e+04
4.390713964213296960e-03 1.309638463479798338e+04
4.516404907254772082e-03 1.357444545371745153e+04
4.645693946936433998e-03 1.406977878326199243e+04
4.778684084310855229e-03 1.457925146782605589e+04
4.915481268994222053e-03 1.511103954260162209e+04
5.056194483573503255e-03 1.566201449489130755e+04
5.200935830429908278e-03 1.623287667262829382e+04
5.349820621047796446e-03 1.682435508470982677e+04
5.502967467880191289e-03 1.743716259374473884e+04
5.660498378844094035e-03 1.807204369631113877e+04
5.822538854520840738e-03 1.872601017921457606e+04
5.989217988139029607e-03 1.940749242651819804e+04
6.160668568419559038e-03 2.011349820963311140e+04
6.337027185364758550e-03 2.084486180648752270e+04
6.518434339075960919e-03 2.160247460748397862e+04
6.705034551686074769e-03 2.238731640056100514e+04
6.896976482496431672e-03 2.320030106765471282e+04
7.094413046409604393e-03 2.404233856723903227e+04
7.297501535752530522e-03 2.491062822676309224e+04
7.506403745587029649e-03 2.581390761949033185e+04
7.721286102607511845e-03 2.674939231196968831e+04
7.942319797728596489e-03 2.771801536091700837e+04
8.169680922468216741e-03 2.872088700424581475e+04
8.403550609234972449e-03 2.975922831730710095e+04
8.644115175631362710e-03 3.083418762734042684e+04
8.891566272887911973e-03 3.194679388629854657e+04
9.146101038546532516e-03 3.309435947419316653e+04
9.407922253514586913e-03 3.428591185087311896e+04
9.677238503614930473e-03 3.551886988867213222e+04
9.954264345760530444e-03 3.679426612377697165e+04
1.023922047888612720e-02 3.811305744941529701e+04
1.053233391977304208e-02 3.947665806372515362e+04
1.083383818390727671e-02 4.088672674870643823e+04
1.114397347151489109e-02 4.234409603452402371e+04
1.146298685892302785e-02 4.384521790545575641e+04
1.179113249539885493e-02 4.539964741245632467e+04
1.212867180562336201e-02 4.700547530787682626e+04
1.247587369796127575e-02 4.866285211118549341e+04
1.283301477869303216e-02 5.037136457700859319e+04
1.320037957237941116e-02 5.213330373773577594e+04
1.357826074853456938e-02 5.395092898003702430e+04
1.396695935478781299e-02 5.581913497502529208e+04
1.436678505672004530e-02 5.774467810414906853e+04
1.477805638456589597e-02 5.972604076975696080e+04
1.520110098697808471e-02 6.176562329651366599e+04
1.563625589205610428e-02 6.386077542009317403e+04
1.608386777584742272e-02 6.601012199497073016e+04
1.654429323853476297e-02 6.821525367294193711e+04
1.701789908852975944e-02 7.047786474239556992e+04
1.750506263469923246e-02 7.279122100416885223e+04
1.800617198695685789e-02 7.516039835533421137e+04
1.852162636545978680e-02 7.758118204066909675e+04
1.905183641865636560e-02 8.005507109344359196e+04
1.959722455043869105e-02 8.257942851063341368e+04
2.015822525666017412e-02 8.515396945216506720e+04
2.073528547128658528e-02 8.778227131415256008e+04
2.132886492245613871e-02 9.045292802389303688e+04
2.193943649873238838e-02 9.317148780397717201e+04
2.256748662584157766e-02 9.592596566388149222e+04
2.321351565419486201e-02 9.871219000064973079e+04
2.387803825750377251e-02 1.015329721441380680e+05
2.456158384280673901e-02 1.043836087489282072e+05
2.526469697223323804e-02 1.072594072273824131e+05
2.598793779684163349e-02 1.101521710086257517e+05
2.673188250287613504e-02 1.130570884593931405e+05
2.749712377079881892e-02 1.159827369838065933e+05
2.828427124746190832e-02 1.189205348105908633e+05
2.909395203179679715e-02 1.218563904216285009e+05
2.992681117440669503e-02 1.247915456051042129e+05
3.078351219146086698e-02 1.277288711499640194e+05
3.166473759329975490e-02 1.306632161591813929e+05
3.257118942817253948e-02 1.335761173898004054e+05
3.350358984153972708e-02 1.364761968776638678e+05
3.446268165138675205e-02 1.393646043031559384e+05
3.544922894000682861e-02 1.422333759762869449e+05
3.646401766272449468e-02 1.450727642523488903e+05
3.750785627404478600e-02 1.478804665335964819e+05
3.858157637172678761e-02 1.506576533712734526e+05
3.968603335929508230e-02 1.533953785046600970e+05
4.082210712751628556e-02 1.561042223825452093e+05
4.199070275538406560e-02 1.587740209568815771e+05
4.319275123117088250e-02 1.613941554675779771e+05
4.442921019412103545e-02 1.639715998493298248e+05
4.570106469737551802e-02 1.665102094978327514e+05
4.700932799273728480e-02 1.689950101197384065e+05
4.835504233790115930e-02 1.714185762424551358e+05
4.973927982679216681e-02 1.737943329327839601e+05
5.116314324367349925e-02 1.762263111041425727e+05
5.262776694170478303e-02 1.786383421046903532e+05
5.413431774665002777e-02 1.810057220243288029e+05
5.568399588645626258e-02 1.833240063295618456e+05
5.727803594744219212e-02 1.856025553629140486e+05
5.891770785785949149e-02 1.878342757132638653e+05
6.060431789961004401e-02 1.900168092627329170e+05
6.233920974892514372e-02 1.921469358634399541e+05
6.412376554683549279e-02 1.942311167795726215e+05
6.595940700028561643e-02 1.962682986637231079e+05
6.784759651476877929e-02 1.982536750720859854e+05
6.978983835938568081e-02 2.001786375243343937e+05
7.178767986525454170e-02 2.020589756104524713e+05
7.384271265822768548e-02 2.039004075307899620e+05
7.595657392689647569e-02 2.056949609603104473e+05
7.813094772689456458e-02 2.074386264472662006e+05
8.036756632253956589e-02 2.091385594010707864e+05
8.266821156688042294e-02 2.107932354870446434e+05
8.503471632125131352e-02 2.124123316058641649e+05
8.746896591546222954e-02 2.139916566662655387e+05
8.997289964978996690e-02 2.155252960777265544e+05
9.254851233996537474e-02 2.170094312059864460e+05
9.519785590638922546e-02 2.184619085423474899e+05
9.792304100884090257e-02 2.198745333522850706e+05
1.007262387279835025e-01 2.213414213144872338e+05
1.036096822950047097e-01 2.230294770063931646e+05
1.065756688707712452e-01 2.247173595567679731e+05
1.096265613759138391e-01 2.264061523566192773e+05
1.127647903733023510e-01 2.280932871040419559e+05
1.159928560044084789e-01 2.297726413311391079e+05
1.193133299811004189e-01 2.314621166167028423e+05
1.227288576344556098e-01 2.331387291296071198e+05
1.262421600222239371e-01 2.348198283786836546e+05
1.298560360966197758e-01 2.365119499698878499e+05
1.335733649341717122e-01 2.382170706209093041e+05
1.373971080294036917e-01 2.399346949981822981e+05
1.413303116541771431e-01 2.416762583855611156e+05
1.453761092845727854e-01 2.434286030303942971e+05
1.495377240972454169e-01 2.451782337662123318e+05
1.538184715372410971e-01 2.471770430744450132e+05
1.582217619593213054e-01 2.492349478075451625e+05
1.627511033449003108e-01 2.513414745485039311e+05
1.674101040967578558e-01 2.534932486177905521e+05
1.722024759137553429e-01 2.556937513472904393e+05
1.771320367478451119e-01 2.579365213588979968e+05
1.822027138457288642e-01 2.601894620487600332e+05
1.874185468775872998e-01 2.624881794629924116e+05
1.927836911553762467e-01 2.648495470149823814e+05
1.983024209432496798e-01 2.672671837223846233e+05
2.039791328627496847e-01 2.698567994499820052e+05
2.098183493954748347e-01 2.725439316337897908e+05
2.158247224860182500e-01 2.752806946277218522e+05
2.220030372480441827e-01 2.781070331598382327e+05
2.283582157764587894e-01 2.810228535016524838e+05
2.348953210687081405e-01 2.840343486075730762e+05
2.416195610583304343e-01 2.870913521738813724e+05
2.485362927639746533e-01 2.902177329308656044e+05
2.556510265571914631e-01 2.934881404567121062e+05
2.629694305523950781e-01 2.968924181688876124e+05
2.704973351224966849e-01 3.004022905193081824e+05
2.782407375438030184e-01 3.039926220824855263e+05
2.862058067738826317e-01 3.077209115522300126e+05
2.943988883662065903e-01 3.115985185057479539e+05
3.028265095254775718e-01 3.155779639706718153e+05
3.114953843076764262e-01 3.196108532706319820e+05
3.204124189689661617e-01 3.238120389885644545e+05
3.295847174677196678e-01 3.282130528804177884e+05
3.390195871240486714e-01 3.327704341745562851e+05
3.487245444413464290e-01 3.374744098620379227e+05
3.587073210944812796e-01 3.422061662750244141e+05
3.689758700894115173e-01 3.471337293490909506e+05
3.795383720991266085e-01 3.522455342547486071e+05
3.904032419809689292e-01 3.576117584024238749e+05
4.015791354805195446e-01 3.632221265730332234e+05
4.130749561273948656e-01 3.687030092860611039e+05
4.248998623284461762e-01 3.744850522826830274e+05
4.370632746640129573e-01 3.806183589093252085e+05
4.495748833930407473e-01 3.870249362458202522e+05
4.624446561730486405e-01 3.932524215430091717e+05
4.756828460010885662e-01 3.998824060534083401e+05
4.892999993820290605e-01 4.068150038243450108e+05
5.033069647306680494e-01 4.140469030391304404e+05
5.177149010143692331e-01 4.211926947248363867e+05
5.325352866431060095e-01 4.286626386695569381e+05
5.477799286139994894e-01 4.367141994370593457e+05
5.634609719176304488e-01 4.426846264296848094e+05
5.795909092136216634e-01 4.477754776644986123e+05
5.961825907831996840e-01 4.535973360149809741e+05
6.132492347666632648e-01 4.604199123164638877e+05
6.308044376939162534e-01 4.676666505994277541e+05
6.488621853164494580e-01 4.752692450535821263e+05
6.674368637494113576e-01 4.823655957187691820e+05
6.865432709326311222e-01 4.898834613905257429e+05
7.061966284197347399e-01 4.975336590757006779e+05
7.264125935047412996e-01 5.049078605486864690e+05
7.472072716958034766e-01 5.128204094252411160e+05
7.685972295460231640e-01 5.202070568737522699e+05
7.905995078515776209e-01 5.279747078695307719e+05
8.132316352276537375e-01 5.356808226338796085e+05
8.365116420730186464e-01 5.432236355782805476e+05
8.604580749343471169e-01 5.509750353827161016e+05
8.850900112817500220e-01 5.583620327698530164e+05
9.104270747072710224e-01 5.659768592844731174e+05
9.364894505584732132e-01 5.732151786235834006e+05
9.632979020195509001e-01 5.804278496725211153e+05
9.908737866527932425e-01 5.874973841727928957e+05
1.019239073413572338e+00 5.767468109486118192e+05
1.048416360152410354e+00 5.571298409602298634e+05
1.078428891618071095e+00 5.373559447255805135e+05
1.109300577976017665e+00 5.173822558881968143e+05
1.141056013856990958e+00 4.965225220942031010e+05
1.173720497950873298e+00 4.759183386379068252e+05
1.207320053161477613e+00 4.551002920905629871e+05
1.241881447338276434e+00 4.329653218134339550e+05
1.277432214601620153e+00 4.114445208963105106e+05
1.314000677278420071e+00 3.891265616860810551e+05
1.351615968465773587e+00 3.656865433239977574e+05
1.390308055240508267e+00 3.432305216201602016e+05
1.430107762533135318e+00 3.183978627846416202e+05
1.471046797685230834e+00 2.940603256256285240e+05
1.513157775709810027e+00 2.695251600862260093e+05
1.556474245274819479e+00 2.432154953440973477e+05
1.601030715430445728e+00 2.191619579554036318e+05
1.646862683101537606e+00 1.916296839500378701e+05
1.694006661367025934e+00 1.675530323656583205e+05
1.742500208548916296e+00 1.411873327088517835e+05
1.792381958133969055e+00 1.186156802651008329e+05
1.843691649551945533e+00 9.508515435111416446e+04
1.896470159834930724e+00 7.601162364559418347e+04
1.950759536182947951e+00 5.691927403392746055e+04
2.006603029461818011e+00 4.243195390127423889e+04
2.064045128659944162e+00 2.938780882948598082e+04
2.123131596331476079e+00 1.977311350336354371e+04
2.183909505054088651e+00 1.269824687308628563e+04
2.246427274930422158e+00 7.481532550766155509e+03
2.310734712163061033e+00 4.315979341028652925e+03
2.376883048733759551e+00 2.241580587241311150e+03
2.444924983218592640e+00 1.067329154108018429e+03
2.514914722771456113e+00 4.890926644969095491e+02
2.586908026309431730e+00 2.015770400576773227e+02
2.660962248934396701e+00 7.122684166203227107e+01
2.737136387626270206e+00 2.332651249602990973e+01
2.815491128244298036e+00 7.110600423607260190e+00
2.896088893873820069e+00 1.944882899111775032e+00
2.978993894557043998e+00 4.131031485123276004e-01
3.064272178447432271e+00 7.677350287381860816e-02
3.151991684428465224e+00 1.234827124349621892e-02
3.242222296238699286e+00 1.690757817475467073e-03
3.335035898146239575e+00 1.930247298510985848e-04
3.430506432216950952e+00 1.776880200549647523e-05
3.528709957222126992e+00 1.279057650859007523e-06
3.629724709232410529e+00 7.131668485062105274e-08
3.733631163946344866e+00 2.433148122049229455e-09
3.840512100803168849e+00 1.127629536545379621e-11
3.950452668930940270e+00 7.385725052853969889e-16
4.063540454982521588e+00 5.684445179669605890e-23
4.179865552913480720e+00 2.517820887289951575e-33
4.299520635757485998e+00 3.259041813701157728e-48
4.422601029456388666e+00 1.349787465713314428e-68
4.549204788803798749e+00 7.517370360040857643e-96
4.679432775562676561e+00 8.340450433604507947e-108
4.813388738819109669e+00 7.641653168954395234e-108
4.951179397636437329e+00 3.876462249324323420e-99
5.092914526075384529e+00 6.273661456869121370e-99
5.238707040648066027e+00 1.062837643829579500e-98
5.388673090275498900e+00 1.577588782666369317e-98
5.542932148820276517e+00 2.246654772202391311e-98
5.701607110268137824e+00 2.997597483252833457e-98
5.864824386634258424e+00 3.472466106445207532e-98
6.032714008672249939e+00 3.957161568909566506e-98
6.205409729466122570e+00 4.348518900890745408e-98
6.383049130987713760e+00 4.747974905696880313e-98
6.565773733704499016e+00 5.196314202401374082e-98
6.753729109325100843e+00 5.399714318405833006e-98
6.947064996772242651e+00 5.769207821301289342e-98
7.145935421475751781e+00 6.027976581491253825e-98
7.350498818080363428e+00 6.241351288497517779e-98
7.560918156666295076e+00 6.454612486756721283e-98
7.777361072583063972e+00 6.696487064252820145e-98
7.999999999999999112e+00 6.806219397519073390e-98
