1.000000000000000048e-04 4.181709264596035069e+01
1.028626538659982166e-04 4.405380019600588071e+01
1.058072556035615761e-04 4.636873799030248477e+01
1.088361510966035580e-04 4.876472850554664973e+01
1.119517533835742479e-04 5.124472510013403337e+01
1.151565445798619384e-04 5.381176421220644812e+01
1.184530778552273097e-04 5.646901294792532155e+01
1.218439794678438594e-04 5.921973763743601893e+01
1.253319508565661560e-04 6.206733483767738591e+01
1.289197707930926455e-04 6.433476262296159121e+01
1.326102975957372978e-04 6.738990870684519052e+01
1.364064714065734124e-04 7.055285251751573128e+01
1.403113165337654315e-04 7.382750130523922394e+01
1.443279438609522619e-04 7.721791775767073318e+01
1.484595533256035532e-04 8.072829300105144057e+01
1.527094364683226162e-04 8.436299522960824504e+01
1.570809790551273150e-04 8.812652047137522970e+01
1.615776637747967800e-04 9.134072194716172532e+01
1.662030730134355966e-04 9.537929210427758164e+01
1.709608917084625519e-04 9.956123817611887716e+01
1.758549102842998967e-04 1.038917460214860427e+02
1.808890276721010970e-04 1.083762245929229238e+02
1.860672544159232712e-04 1.130202497008720428e+02
1.913937158678174328e-04 1.178296233117175831e+02
1.968726554743851728e-04 1.228103398845727412e+02
2.025084381574160093e-04 1.272837623853800721e+02
2.083055537913018705e-04 1.326292788007523598e+02
2.142686207799975723e-04 1.381654710154120949e+02
2.204023897363772532e-04 1.438992649213533070e+02
2.267117472669183387e-04 1.498378245259426933e+02
2.332017198647269021e-04 1.559885937840503232e+02
2.398774779140088441e-04 1.623592596800999672e+02
2.467443398091732258e-04 1.689578221253251797e+02
2.538077761918523193e-04 1.757925297196516681e+02
2.610734143092127636e-04 1.821885673493210334e+02
2.685470424970289559e-04 1.895248537317361013e+02
2.762346147910940491e-04 1.971239515436513443e+02
2.841422556706366034e-04 2.049953771324428260e+02
2.922762649375266206e-04 2.131490316082440017e+02
3.006431227351558750e-04 2.215951422118886569e+02
3.092494947109916204e-04 2.303443328596838455e+02
3.181022373269157808e-04 2.394075943805779332e+02
3.272084033215818632e-04 2.481113111640173940e+02
3.365752473291382173e-04 2.578405940860463375e+02
3.462102316587988135e-04 2.679193792965883745e+02
3.561210322398608336e-04 2.783603571977821503e+02
3.663155447369079577e-04 2.891766587615946378e+02
3.768018908400718619e-04 3.003819185328737831e+02
3.875884247353595844e-04 3.119902293462302509e+02
3.986837397602079427e-04 3.240162409616922332e+02
4.100966752495598111e-04 3.357885906228596582e+02
4.218363235779214876e-04 3.486992837954658171e+02
4.339120374030096196e-04 3.620747706279730664e+02
4.463334371167585173e-04 3.759319449828977326e+02
4.591104185096246204e-04 3.902882616554704782e+02
4.722531606542909838e-04 4.051618506266681834e+02
4.857721340150598292e-04 4.205714645884007723e+02
4.996781087893840045e-04 4.365365658824888442e+02
5.139821634881900671e-04 4.523894466382863584e+02
5.286956937618265571e-04 4.695300206294874670e+02
5.438304214786655833e-04 4.872887528298977600e+02
5.593984040635989995e-04 5.056880696144062881e+02
5.754120441038579076e-04 5.247512310434560732e+02
5.918840992298164076e-04 5.445023086399252179e+02
6.088276922786474291e-04 5.649662863413103651e+02
6.262563217489299644e-04 5.861690105485713502e+02
6.441838725545339381e-04 6.074481874707188354e+02
6.626246270863539846e-04 6.302131717442449599e+02
6.815932765906978054e-04 6.538003105209320438e+02
7.011049328734052883e-04 6.782394092580597089e+02
7.211751403390100588e-04 7.035614380022177556e+02
7.418198883745427729e-04 7.297984167294058580e+02
7.630556240878410895e-04 7.569835727575843976e+02
7.848992654105084931e-04 7.851513138493700126e+02
8.073682145759741077e-04 8.136469879282611828e+02
8.304803719833739849e-04 8.438916159106316854e+02
8.542541504583124048e-04 8.752297819012875379e+02
8.787084899218574946e-04 9.077012075729846856e+02
9.038628724794601664e-04 9.413470747620242491e+02
9.297373379418169244e-04 9.762100497548418616e+02
9.563524997900373125e-04 1.012334293203896777e+03
9.837295615978474631e-04 1.049765647853363362e+03
1.011890333923895361e-03 1.087860098346147652e+03
1.040857251687631307e-03 1.128053299560500363e+03
1.070653392042589984e-03 1.169701291287138929e+03
1.101302492761338210e-03 1.212856961076576908e+03
1.132828971146705374e-03 1.257575129413516379e+03
1.165257943484384424e-03 1.303912697067256431e+03
1.198615245052391453e-03 1.351928421464576559e+03
1.232927450703327722e-03 1.401683213207843437e+03
1.268221896035839858e-03 1.452547789825778864e+03
1.304526699172145823e-03 1.505976530906507605e+03
1.341870783158976253e-03 1.561341192738291056e+03
1.380283899009778674e-03 1.618711787490303095e+03
1.419796649406532968e-03 1.678161712640936230e+03
1.460440513080082242e-03 1.739766927780581454e+03
1.502247869888375048e-03 1.803605413365783761e+03
1.545252026612610333e-03 1.869757770191870122e+03
1.589487243491852220e-03 1.937615194807136277e+03
1.634988761517220139e-03 2.008656437396913589e+03
1.681792830507429200e-03 2.082273780613347299e+03
1.729936737988030989e-03 2.158560084923793966e+03
1.779458838897368927e-03 2.237613562730506146e+03
1.830398586142911342e-03 2.319535966090282727e+03
1.882796562032308229e-03 2.404429709450039809e+03
1.936694510604209610e-03 2.492401577758733765e+03
1.992135370884596385e-03 2.582870119491672995e+03
2.049163311095141948e-03 2.677346141156388057e+03
2.107823763840826516e-03 2.775248417303579117e+03
2.168163462304844875e-03 2.876699479450587205e+03
2.230230477479675302e-03 2.981829753602908568e+03
2.294074256463917924e-03 3.090775223423952411e+03
2.359745661855452287e-03 3.203670092491784999e+03
2.427297012272282718e-03 3.320653590876856470e+03
2.496782124033354242e-03 3.441178574221288727e+03
2.568256354032547734e-03 3.566797970075561807e+03
2.641776643840005375e-03 3.696965686312908929e+03
2.717401565065928875e-03 3.831838397531858391e+03
2.795191366022987782e-03 3.971582201544516465e+03
2.875208019724493497e-03 4.116383114845743876e+03
2.957515273256627365e-03 4.266414286384250772e+03
3.042178698563999164e-03 4.421845648436637020e+03
3.129265744689015746e-03 4.582168849652540302e+03
3.218845791506713596e-03 4.748995893806107233e+03
3.310990204997801487e-03 4.921820073125143608e+03
3.405772394103993416e-03 5.100822529801280325e+03
3.503267869210911593e-03 5.286210920639193318e+03
3.603554302305151096e-03 5.478233082520499920e+03
3.706711588853434450e-03 5.677095209152390453e+03
3.812821911453151327e-03 5.882998881740201796e+03
3.921969805304996275e-03 6.095454413753887820e+03
4.034242225559842888e-03 6.316129253473730387e+03
4.149728616593563631e-03 6.544572887090100267e+03
4.268520983264918744e-03 6.780980481836605577e+03
4.390713964213296960e-03 7.025525939335142539e+03
4.516404907254772082e-03 7.278503799516651270e+03
4.645693946936433998e-03 7.540232531945840492e+03
4.778684084310855229e-03 7.810874239863059302e+03
4.915481268994222053e-03 8.089767372135164806e+03
5.056194483573503255e-03 8.378720346606709427e+03
5.200935830429908278e-03 8.677405354429049112e+03
5.349820621047796446e-03 8.985833650001834030e+03
5.502967467880191289e-03 9.303959103617529763e+03
5.660498378844094035e-03 9.632232443012584554e+03
5.822538854520840738e-03 9.971103871336210432e+03
5.989217988139029607e-03 1.031963989396821125e+04
6.160668568419559038e-03 1.067909404868338424e+04
6.337027185364758550e-03 1.104922451275419371e+04
6.518434339075960919e-03 1.143052342410938036e+04
6.705034551686074769e-03 1.182245308943397686e+04
6.896976482496431672e-03 1.222475767514000654e+04
7.094413046409604393e-03 1.263779583227517833e+04
7.297501535752530522e-03 1.306195792523133605e+04
7.506403745587029649e-03 1.349593095755001741e+04
7.721286102607511845e-03 1.394056368467657194e+04
7.942319797728596489e-03 1.439514838979400884e+04
8.169680922468216741e-03 1.486018242057517637e+04
8.403550609234972449e-03 1.533495885148010348e+04
8.644115175631362710e-03 1.581843834449702445e+04
8.891566272887911973e-03 1.631011182103185092e+04
9.146101038546532516e-03 1.681005209134360484e+04
9.407922253514586913e-03 1.731891110641558771e+04
9.677238503614930473e-03 1.783405332535368143e+04
9.954264345760530444e-03 1.835488614537943067e+04
1.023922047888612720e-02 1.888232085187947814e+04
1.053233391977304208e-02 1.941503154232517045e+04
1.083383818390727671e-02 1.995136837931059199e+04
1.114397347151489109e-02 2.049002139993349192e+04
1.146298685892302785e-02 2.103065065380018132e+04
1.179113249539885493e-02 2.157427079839346334e+04
1.212867180562336201e-02 2.211829125369548638e+04
1.247587369796127575e-02 2.266009331647178260e+04
1.283301477869303216e-02 2.320047757146992808e+04
1.320037957237941116e-02 2.373978723639354575e+04
1.357826074853456938e-02 2.427581141853355075e+04
1.396695935478781299e-02 2.480434888800638146e+04
1.436678505672004530e-02 2.532791703991223767e+04
1.477805638456589597e-02 2.584728817611480190e+04
1.520110098697808471e-02 2.635946427604968630e+04
1.563625589205610428e-02 2.686071957531855151e+04
1.608386777584742272e-02 2.735295530494578270e+04
1.654429323853476297e-02 2.783754109990331926e+04
1.701789908852975944e-02 2.831039354114886009e+04
1.750506263469923246e-02 2.877068151533649871e+04
1.800617198695685789e-02 2.921900444838457406e+04
1.852162636545978680e-02 2.965653217479918385e+04
1.905183641865636560e-02 3.008081590546289590e+04
1.959722455043869105e-02 3.049060889063548530e+04
2.015822525666017412e-02 3.088986307093891810e+04
2.073528547128658528e-02 3.128564481179874565e+04
2.132886492245613871e-02 3.166991900181314122e+04
2.193943649873238838e-02 3.204059112987098706e+04
2.256748662584157766e-02 3.239645588892629530e+04
2.321351565419486201e-02 3.274012566304586289e+04
2.387803825750377251e-02 3.307168878770362062e+04
2.456158384280673901e-02 3.338996524604465230e+04
2.526469697223323804e-02 3.369408501146968047e+04
2.598793779684163349e-02 3.398702198725915514e+04
2.673188250287613504e-02 3.426851824952061725e+04
2.749712377079881892e-02 3.453859207172745664e+04
2.828427124746190832e-02 3.479654507436994027e+04
2.909395203179679715e-02 3.504355565916415799e+04
2.992681117440669503e-02 3.528040237532204628e+04
3.078351219146086698e-02 3.550858416516418220e+04
3.166473759329975490e-02 3.572665726447648922e+04
3.257118942817253948e-02 3.593614678209550038e+04
3.350358984153972708e-02 3.613850552664729912e+04
3.446268165138675205e-02 3.633355767282487795e+04
3.544922894000682861e-02 3.652167989674382261e+04
3.646401766272449468e-02 3.670304299901299964e+04
3.750785627404478600e-02 3.687997589258987864e+04
3.858157637172678761e-02 3.705222628094466199e+04
3.968603335929508230e-02 3.722017238534248463e+04
4.082210712751628556e-02 3.738453933310095454e+04
4.199070275538406560e-02 3.754607985538594221e+04
4.319275123117088250e-02 3.770472872420724889e+04
4.442921019412103545e-02 3.786240698633176362e+04
4.570106469737551802e-02 3.801712362068938091e+04
4.700932799273728480e-02 3.817068975315817079e+04
4.835504233790115930e-02 3.832409362362059619e+04
4.973927982679216681e-02 3.847754552522445010e+04
5.116314324367349925e-02 3.867729675431152282e+04
5.262776694170478303e-02 3.888996483826540498e+04
5.413431774665002777e-02 3.910530472504228237e+04
5.568399588645626258e-02 3.932377282561414177e+04
5.727803594744219212e-02 3.954532664092616324e+04
5.891770785785949149e-02 3.976907916084942553e+04
6.060431789961004401e-02 3.999757055653655698e+04
6.233920974892514372e-02 4.023016531816225324e+04
6.412376554683549279e-02 4.046640276885680214e+04
6.595940700028561643e-02 4.070716496887525864e+04
6.784759651476877929e-02 4.095275801158059039e+04
6.978983835938568081e-02 4.120190153831968200e+04
7.178767986525454170e-02 4.145700638124393299e+04
7.384271265822768548e-02 4.171751859310546570e+04
7.595657392689647569e-02 4.198300171354917256e+04
7.813094772689456458e-02 4.225448673420058913e+04
8.036756632253956589e-02 4.253063508216616901e+04
8.266821156688042294e-02 4.281366410004944919e+04
8.503471632125131352e-02 4.310288831199766719e+04
8.746896591546222954e-02 4.339832480716882856e+04
8.997289964978996690e-02 4.369972012224239006e+04
9.254851233996537474e-02 4.400844156546463637e+04
9.519785590638922546e-02 4.432434306067074067e+04
9.792304100884090257e-02 4.464725322485228389e+04
1.007262387279835025e-01 4.499346270761100459e+04
1.036096822950047097e-01 4.540139657381783763e+04
1.065756688707712452e-01 4.581869236014743365e+04
1.096265613759138391e-01 4.624707224416636018e+04
1.127647903733023510e-01 4.668655988897116185e+04
1.159928560044084789e-01 4.713713115411999752e+04
1.193133299811004189e-01 4.760079445839046093e+04
1.227288576344556098e-01 4.807683915358881495e+04
1.262421600222239371e-01 4.856599043115053064e+04
1.298560360966197758e-01 4.906458922868737136e+04
1.335733649341717122e-01 4.956736030720169219e+04
1.373971080294036917e-01 5.008426346661444404e+04
1.413303116541771431e-01 5.061542015099019045e+04
1.453761092845727854e-01 5.116119058024718106e+04
1.495377240972454169e-01 5.172132366944673413e+04
1.538184715372410971e-01 5.234897632844877808e+04
1.582217619593213054e-01 5.300525402944199595e+04
1.627511033449003108e-01 5.368431167126479704e+04
1.674101040967578558e-01 5.438847565895357548e+04
1.722024759137553429e-01 5.511569461069312820e+04
1.771320367478451119e-01 5.586692503268691507e+04
1.822027138457288642e-01 5.664210936688435322e+04
1.874185468775872998e-01 5.744231747545256803e+04
1.927836911553762467e-01 5.826235100713667634e+04
1.983024209432496798e-01 5.910693603725645517e+04
2.039791328627496847e-01 6.000745478862715390e+04
2.098183493954748347e-01 6.095285697202675510e+04
2.158247224860182500e-01 6.193227021076824167e+04
2.220030372480441827e-01 6.294025200750045769e+04
2.283582157764587894e-01 6.397918021105403022e+04
2.348953210687081405e-01 6.505776388179000787e+04
2.416195610583304343e-01 6.617713636373398185e+04
2.485362927639746533e-01 6.734025148388385423e+04
2.556510265571914631e-01 6.855438086364232004e+04
2.629694305523950781e-01 6.981830044677203114e+04
2.704973351224966849e-01 7.113857099102482607e+04
2.782407375438030184e-01 7.251529280192588340e+04
2.862058067738826317e-01 7.394170685657198192e+04
2.943988883662065903e-01 7.542408523571969999e+04
3.028265095254775718e-01 7.696862408951102407e+04
3.114953843076764262e-01 7.857234438549901824e+04
3.204124189689661617e-01 8.023858979883567372e+04
3.295847174677196678e-01 8.197550125679609482e+04
3.390195871240486714e-01 8.379919756879747729e+04
3.487245444413464290e-01 8.571202500037354184e+04
3.587073210944812796e-01 8.766515078815298330e+04
3.689758700894115173e-01 8.971610024952370441e+04
3.795383720991266085e-01 9.187564510607841657e+04
3.904032419809689292e-01 9.413443209492972528e+04
4.015791354805195446e-01 9.649766382568939298e+04
4.130749561273948656e-01 9.891609112858201843e+04
4.248998623284461762e-01 1.014637444262272475e+05
4.370632746640129573e-01 1.041524415341732674e+05
4.495748833930407473e-01 1.070042349619157030e+05
4.624446561730486405e-01 1.098606363119863090e+05
4.756828460010885662e-01 1.128671055300676380e+05
4.892999993820290605e-01 1.160691079829313530e+05
5.033069647306680494e-01 1.194142051905349217e+05
5.177149010143692331e-01 1.228332553048368572e+05
5.325352866431060095e-01 1.264780954603000282e+05
5.477799286139994894e-01 1.303386764074728708e+05
5.634609719176304488e-01 1.342640585705775884e+05
5.795909092136216634e-01 1.383764848839503247e+05
5.961825907831996840e-01 1.427655547013069445e+05
6.132492347666632648e-01 1.472354351594351465e+05
6.308044376939162534e-01 1.519491583793934551e+05
6.488621853164494580e-01 1.570361992486592499e+05
6.674368637494113576e-01 1.621282835741710442e+05
6.865432709326311222e-01 1.676140714094642026e+05
7.061966284197347399e-01 1.733708242225069844e+05
7.264125935047412996e-01 1.792787398970247013e+05
7.472072716958034766e-01 1.856712637430027826e+05
7.685972295460231640e-01 1.921289401255300327e+05
7.905995078515776209e-01 1.990749896975632873e+05
8.132316352276537375e-01 2.062599681427482574e+05
8.365116420730186464e-01 2.138230771986035688e+05
8.604580749343471169e-01 2.217567374245095998e+05
8.850900112817500220e-01 2.300135710283579829e+05
9.104270747072710224e-01 2.387262346069324994e+05
9.364894505584732132e-01 2.477656905485705065e+05
9.632979020195509001e-01 2.572532049106152554e+05
9.908737866527932425e-01 2.671632999534868286e+05
1.019239073413572338e+00 2.696784064142919960e+05
1.048416360152410354e+00 2.681369740653092158e+05
1.078428891618071095e+00 2.664987864989285008e+05
1.109300577976017665e+00 2.644857475912763621e+05
1.141056013856990958e+00 2.619181808408098877e+05
1.173720497950873298e+00 2.592200208462853625e+05
1.207320053161477613e+00 2.561026553051878000e+05
1.241881447338276434e+00 2.520096818980414246e+05
1.277432214601620153e+00 2.477805838647276687e+05
1.314000677278420071e+00 2.427183044773568108e+05
1.351615968465773587e+00 2.364467328877956024e+05
1.390308055240508267e+00 2.301398868773320282e+05
1.430107762533135318e+00 2.216469181115046667e+05
1.471046797685230834e+00 2.126723686372549564e+05
1.513157775709810027e+00 2.026023535459835839e+05
1.556474245274819479e+00 1.902464711374413746e+05
1.601030715430445728e+00 1.785113462013088283e+05
1.646862683101537606e+00 1.626127611399634916e+05
1.694006661367025934e+00 1.482672351859842893e+05
1.742500208548916296e+00 1.303974344730060984e+05
1.792381958133969055e+00 1.143874649702704919e+05
1.843691649551945533e+00 9.583237539358265349e+04
1.896470159834930724e+00 8.012190543406442157e+04
1.950759536182947951e+00 6.280552232996063685e+04
2.006603029461818011e+00 4.902065357018170471e+04
2.064045128659944162e+00 3.558069297218373686e+04
2.123131596331476079e+00 2.502124534834993392e+04
2.183909505054088651e+00 1.664456670882721301e+04
2.246427274930422158e+00 1.022672978614212298e+04
2.310734712163061033e+00 6.152536642715856033e+03
2.376883048733759551e+00 3.334194179473165605e+03
2.444924983218592640e+00 1.656542749627897365e+03
2.514914722771456113e+00 7.910383499820800353e+02
2.586908026309431730e+00 3.397224008560123139e+02
2.660962248934396701e+00 1.252133615719769892e+02
2.737136387626270206e+00 4.274067363520460106e+01
2.815491128244298036e+00 1.356072533816315051e+01
2.896088893873820069e+00 3.857698689867023134e+00
2.978993894557043998e+00 8.537044139493220607e-01
3.064272178447432271e+00 1.652055572213964596e-01
3.151991684428465224e+00 2.762767193926335407e-02
3.242222296238699286e+00 3.927673220848190011e-03
3.335035898146239575e+00 4.637324500988975634e-04
3.430506432216950952e+00 4.394734560097889015e-05
3.528709957222126992e+00 3.216792718313746411e-06
3.629724709232410529e+00 1.837996520664411846e-07
3.733631163946344866e+00 6.313288218676614990e-09
3.840512100803168849e+00 3.021564384156397679e-11
3.950452668930940270e+00 1.718983312163907561e-15
4.063540454982521588e+00 1.619899315149835339e-22
4.179865552913480720e+00 5.203820969353616574e-33
4.299520635757485998e+00 1.064025255402259733e-47
4.422601029456388666e+00 2.545384633760179391e-68
4.549204788803798749e+00 2.940187174937548207e-95
4.679432775562676561e+00 4.280595107719967386e-107
4.813388738819109669e+00 3.995519712206869215e-107
4.951179397636437329e+00 3.728243852264419643e-107
5.092914526075384529e+00 3.363970909450837757e-107
5.238707040648066027e+00 3.136127689280839058e-107
5.388673090275498900e+00 2.815923570275449270e-107
5.542932148820276517e+00 2.622299326073173326e-107
5.701607110268137824e+00 2.358406907016674640e-107
5.864824386634258424e+00 2.193349085066243829e-107
6.032714008672249939e+00 1.970723035751066212e-107
6.205409729466122570e+00 1.829871416669664915e-107
6.383049130987713760e+00 1.629940183496430447e-107
6.565773733704499016e+00 1.457921357454034346e-107
6.753729109325100843e+00 1.349088046010540611e-107
6.947064996772242651e+00 1.151383136773089823e-107
7.145935421475751781e+00 1.061689456629425807e-107
7.350498818080363428e+00 9.419752324119076591e-108
7.560918156666295076e+00 8.248333249194788612e-108
7.777361072583063972e+00 7.261722698326083052e-108
7.999999999999999112e+00 1.319618871808764125e-99
