7.733966930750435509e-02
7.733966930746929980e-02
7.733966930736785317e-02
7.733966930707453225e-02
7.733966930622612757e-02
7.733966930377235427e-02
7.733966929667573931e-02
7.733966927615112952e-02
7.733966921679033546e-02
7.733966904510847229e-02
7.733966854857456108e-02
7.733966711251191728e-02
7.733966295916919198e-02
7.733965094698458387e-02
7.733961620571225271e-02
7.733951572840511157e-02
7.733922513480005756e-02
7.733838472334790548e-02
7.733595440752576156e-02
7.732892802486569794e-02
7.730862751606201733e-02
7.725009023012276155e-02
7.708224560623951060e-02
7.660871857377249405e-02
7.533267942135683792e-02
7.229398904344604138e-02
6.678441838739800074e-02
5.878264150420615258e-02
4.750452297961369613e-02
3.372931059320079944e-02
1.976339431132045910e-02
8.870603805153750437e-03
2.865271317017879359e-03
6.726185251837763944e-04
1.325522864771226509e-04
2.638600321731539568e-05
5.647763031974981291e-06
1.275475519330790011e-06
2.969487898017856349e-07
7.015603297015694836e-08
1.665691484205796268e-08
3.990768394693452498e-09
9.549296197648113477e-10
2.273901943625935859e-10
5.502846942788878022e-11
1.322576815791103647e-11
3.125898742298740010e-12
7.668919077097375688e-13
1.809518064545828429e-13
4.151663091244472268e-14
